3001:10,11,12,13,26,28|11
3002:04,09,19,20,21,26|12
3003:01,07,10,23,28,32|16
3004:04,06,07,10,13,25|3
3005:04,06,15,17,30,31|16
3006:01,03,10,21,26,27|6
3007:01,09,19,21,23,26|7
3008:05,08,09,14,17,23|8
3009:05,09,18,20,22,30|9
3010:01,02,08,13,17,24|13
3011:04,05,11,12,30,32|15
3012:02,12,16,17,27,30|12
3013:08,13,17,21,23,32|12
3014:03,07,08,21,31,32|2
3015:04,11,19,25,26,32|13
3016:11,17,28,30,31,33|6
3017:05,08,18,23,25,31|6
3018:05,16,19,20,25,28|2
3019:04,08,12,13,16,33|9
3020:07,10,25,26,27,32|4
3021:14,15,18,25,26,30|1
3022:02,07,11,12,14,32|6
3023:01,10,20,22,26,31|2
3024:02,07,15,17,22,30|14
3025:01,05,11,13,14,27|12
3026:08,13,15,26,29,31|16
3027:01,11,14,17,27,28|15
3028:06,13,16,20,28,32|7
3029:02,07,15,26,29,32|10
3030:02,06,13,14,23,27|7
3031:11,17,20,22,28,32|1
3032:04,11,25,27,29,30|13
3033:01,07,14,20,27,30|10
3034:08,13,14,16,23,25|14
3035:03,04,05,08,10,11|8
3036:07,21,24,25,27,28|15
3037:09,14,17,18,26,32|7
3038:05,07,08,24,25,27|16
3039:03,05,23,24,27,32|3
3040:04,05,06,12,14,23|16
3041:02,03,17,18,24,25|11
3042:03,05,07,10,15,20|7
3043:02,08,10,19,20,32|13
3044:02,05,09,16,32,33|15
3045:03,07,14,15,17,32|3
3046:07,08,10,11,17,26|11
3047:03,17,26,28,32,33|16
3048:10,12,20,28,30,31|9
3049:03,06,07,13,24,25|15
3050:02,08,17,23,24,26|13
3051:04,13,15,17,24,27|1
3052:01,12,13,23,30,31|11
3053:15,19,20,21,28,29|13
3054:02,05,09,21,31,33|12
3055:06,13,16,21,28,31|16
3056:08,17,21,26,28,29|7
3057:18,19,24,25,30,31|16
3058:09,11,16,28,32,33|2
3059:02,03,05,06,18,30|4
3060:02,04,06,17,21,28|11
3061:05,14,20,21,28,32|2
3062:01,06,12,19,20,32|14
3063:05,08,09,14,21,33|11
3064:04,06,08,12,15,30|1
3065:06,15,16,17,30,33|11
3066:03,07,08,20,24,32|14
3067:05,11,12,13,27,31|10
3068:09,19,25,27,32,33|11
3069:07,11,16,19,26,28|11
3070:01,02,04,17,18,19|8
3071:09,11,12,14,15,33|11
3072:03,06,08,11,19,27|11
3073:02,12,14,21,23,30|13
3074:02,12,19,22,27,32|1
3075:16,17,19,22,31,33|11
3076:01,13,16,18,20,29|2
3077:04,12,16,22,24,25|6
3078:07,12,23,26,29,30|11
3079:12,15,22,23,26,31|4
3080:09,20,24,25,28,30|10
3081:01,02,14,26,29,30|7
3082:07,17,18,19,30,31|14
3083:01,03,14,18,26,28|1
3084:02,06,07,10,17,33|3
3085:01,04,11,12,19,27|14
3086:05,12,16,18,26,30|13
3087:02,03,04,05,24,28|13
3088:03,10,21,22,24,33|12
3089:18,19,21,26,27,33|16
4001:01,02,03,07,10,25|7
4002:10,12,18,22,30,31|11
4003:03,05,06,17,26,33|8
4004:10,19,22,23,25,29|9
4005:09,11,13,16,17,18|7
4006:04,12,18,20,23,32|6
4007:04,12,17,20,25,28|9
4008:01,07,10,22,32,33|13
4009:01,09,10,16,22,24|11
4010:06,07,08,13,14,19|15
4011:01,04,08,13,27,28|3
4012:01,07,27,30,31,33|8
4013:12,14,21,29,30,32|13
4014:03,07,11,17,20,26|12
4015:01,03,05,18,22,23|13
4016:04,07,08,28,30,32|5
4017:05,12,14,15,25,31|9
4018:02,05,06,08,28,30|6
4019:05,10,11,23,24,32|4
4020:01,02,09,22,28,31|4
4021:05,09,11,17,26,27|10
4022:03,10,14,19,20,30|6
4023:01,08,14,17,19,30|3
4024:01,13,21,23,25,32|6
4025:07,08,10,24,29,33|4
4026:04,10,14,18,28,32|15
4027:01,05,09,10,18,32|11
4028:01,02,03,05,10,22|12
4029:09,13,20,22,24,32|5
4030:01,07,09,17,26,31|5
4031:03,06,19,20,21,24|11
4032:02,05,08,11,15,31|13
4033:01,04,08,09,19,20|1
4034:02,07,13,20,27,30|14
4035:02,08,26,27,30,32|16
4036:02,13,17,18,26,30|1
4037:03,04,11,17,20,26|5
4038:11,16,17,25,28,29|7
4039:10,16,18,25,26,29|3
4040:07,17,19,20,21,29|11
4041:08,10,17,22,25,29|14
4042:06,10,13,17,18,21|2
4043:04,09,10,21,22,24|10
4044:02,06,07,12,31,32|5
4045:01,12,18,26,27,28|13
4046:07,15,16,22,23,32|14
4047:01,07,08,11,27,31|6
4048:08,09,11,16,17,29|9
4049:11,12,14,16,25,29|9
4050:06,07,19,21,25,29|2
4051:02,03,09,10,15,29|11
4052:01,12,14,15,17,29|9
4053:02,03,04,09,24,25|2
4054:09,11,14,16,27,28|11
4055:06,08,19,25,29,32|7
4056:01,20,21,25,29,30|2
4057:05,21,23,25,28,32|4
4058:01,08,11,12,27,31|12
4059:04,07,11,19,23,26|10
4060:03,05,11,24,27,28|15
4061:13,16,19,20,23,33|9
4062:01,12,25,27,28,29|13
4063:07,10,13,16,27,28|7
4064:14,15,18,20,27,31|4
4065:13,14,27,29,32,33|8
4066:05,13,20,23,24,25|3
4067:01,06,07,13,16,32|4
4068:02,08,11,13,24,31|15
4069:02,11,15,20,22,29|5
4070:10,12,21,22,30,33|6
4071:03,08,16,17,21,29|6
4072:08,15,18,28,30,33|14
4073:02,07,13,16,23,28|16
4074:05,06,15,19,26,29|13
4075:07,18,21,26,27,28|7
4076:03,05,13,17,25,31|7
4077:08,09,10,14,16,26|7
4078:04,05,10,21,24,26|5
4079:07,13,14,17,19,30|3
4080:03,08,20,23,24,26|16
4081:03,05,21,24,27,32|6
4082:03,20,24,27,29,30|15
4083:14,16,27,28,30,33|6
4084:01,04,08,11,21,25|14
4085:03,08,11,29,30,32|1
4086:10,13,18,19,25,27|1
4087:01,03,07,08,25,26|14
4088:02,10,19,22,24,32|14
4089:14,17,20,25,28,30|14
4090:01,18,20,24,32,33|12
4091:09,13,14,21,30,33|1
4092:01,04,08,13,28,31|2
4093:11,14,20,27,32,33|5
4094:05,09,10,13,24,25|8
4095:19,22,27,28,30,32|1
4096:01,04,12,16,20,30|15
4097:10,19,20,26,29,31|14
4098:03,12,13,25,26,31|3
4099:05,10,21,22,26,33|2
4100:06,08,09,14,24,33|15
4101:02,09,14,19,25,26|15
4102:03,09,12,15,28,32|1
4103:02,03,05,09,16,21|2
4104:07,11,17,18,24,29|5
4105:07,09,10,21,23,30|12
4106:10,15,23,26,28,29|12
4107:01,08,12,13,18,20|7
4108:08,13,14,27,28,31|12
4109:06,08,10,17,30,31|14
4110:14,19,20,21,22,31|11
4111:11,16,18,20,26,31|2
4112:09,13,15,21,26,33|6
4113:08,10,23,25,31,32|7
4114:01,06,09,17,21,22|1
4115:02,16,20,30,31,33|1
4116:01,03,05,08,14,33|3
4117:01,03,07,14,24,25|7
4118:03,04,07,12,30,31|15
4119:06,09,18,20,25,33|6
4120:07,08,18,21,27,32|10
4121:07,13,16,18,30,32|10
4122:03,11,14,22,24,31|15
5001:01,07,08,23,27,28|14
5002:06,09,20,26,28,33|14
5003:09,12,15,19,22,31|16
5004:01,04,08,09,22,23|3
5005:05,09,20,26,28,33|15
5006:02,04,05,15,21,31|16
5007:07,15,17,20,23,33|15
5008:11,19,22,27,32,33|11
5009:02,17,22,27,29,31|14
5010:08,10,11,18,25,26|1
5011:09,11,13,15,22,30|15
5012:02,03,06,16,22,31|5
5013:07,08,16,19,20,24|6
5014:13,19,21,23,30,32|5
5015:04,08,09,16,17,29|15
5016:01,05,06,12,16,30|15
5017:02,06,10,25,27,31|3
5018:01,03,06,22,23,25|6
5019:06,11,12,13,19,22|8
5020:14,16,19,20,25,29|5
5021:02,06,24,26,30,31|16
5022:08,10,12,21,32,33|4
5023:10,15,19,20,21,25|12
5024:05,09,14,27,31,32|13
5025:01,07,10,11,13,32|7
5026:06,12,14,20,25,26|7
5027:01,03,04,06,21,32|15
5028:04,09,22,25,26,32|10
5029:02,14,21,22,27,30|14
5030:01,05,09,14,22,28|5
5031:04,10,16,20,23,32|7
5032:05,15,19,20,25,29|3
5033:07,08,12,14,19,20|7
5034:05,17,18,25,28,32|9
5035:12,16,21,28,29,30|14
5036:12,19,20,21,26,31|15
5037:07,12,14,22,24,32|16
5038:04,07,11,20,27,28|16
5039:02,16,18,19,21,29|9
5040:01,12,21,24,30,32|13
5041:02,11,16,23,24,29|3
5042:11,16,21,26,27,30|15
5043:04,05,06,07,08,32|5
5044:01,06,16,17,18,22|9
5045:01,07,10,15,18,20|10
5046:09,16,18,20,22,24|5
5047:02,03,05,07,08,27|15
5048:06,07,08,10,16,28|2
5049:02,03,08,10,25,27|12
5050:02,09,12,20,26,32|13
5051:03,06,14,19,20,21|2
5052:01,02,14,17,30,32|1
5053:04,07,10,14,27,29|9
5054:05,13,17,18,21,29|14
5055:05,20,22,30,32,33|9
5056:12,17,19,27,29,31|9
5057:05,06,10,15,30,31|13
5058:04,06,10,21,25,26|10
5059:07,11,14,18,24,29|7
5060:09,12,21,25,31,33|13
5061:05,09,14,21,23,24|1
5062:02,07,11,12,20,23|7
5063:02,11,13,18,22,30|4
5064:10,18,23,27,30,32|8
5065:12,16,17,21,22,23|16
5066:02,04,10,11,25,28|5
5067:03,12,16,20,21,26|16
5068:01,08,10,13,25,33|13
5069:07,09,21,24,31,33|12
5070:03,04,08,14,16,26|4
5071:04,08,12,14,16,22|10
5072:06,10,19,20,24,33|11
5073:01,06,08,09,18,20|1
5074:06,09,18,20,26,29|9
5075:11,13,14,16,18,31|14
5076:04,09,11,22,25,28|13
5077:08,17,22,24,32,33|16
5078:03,11,15,20,26,32|11
5079:03,09,20,24,25,28|5
5080:01,12,14,26,27,32|16
5081:02,04,10,12,26,30|3
5082:01,07,11,14,19,20|12
5083:03,05,09,14,16,30|13
5084:01,02,07,15,19,20|3
5085:08,09,13,14,20,22|12
5086:07,11,12,24,27,29|12
5087:08,09,15,16,23,26|8
5088:01,03,07,18,20,24|7
5089:05,19,20,23,26,31|12
5090:01,09,21,25,29,32|3
5091:01,11,12,15,26,27|13
5092:08,13,19,26,28,31|10
5093:04,06,17,23,25,29|14
5094:03,05,09,23,27,33|3
5095:09,12,18,21,28,29|5
5096:04,05,17,18,26,33|4
5097:05,10,23,27,28,30|15
5098:12,15,19,22,31,33|1
5099:10,13,16,22,24,31|9
5100:02,04,09,14,16,31|3
5101:09,16,19,21,22,24|12
5102:02,05,06,14,24,31|12
5103:04,07,16,18,23,30|7
5104:02,04,21,23,30,33|9
5105:04,15,23,30,32,33|3
5106:01,11,13,24,26,31|13
5107:09,10,20,24,25,26|11
5108:03,10,12,24,29,30|6
5109:03,05,13,15,17,31|4
5110:07,10,16,19,24,25|9
5111:03,07,15,16,19,29|9
5112:04,12,22,28,29,30|16
5113:15,18,20,22,26,27|3
5114:06,07,10,15,21,27|6
5115:03,12,18,23,30,33|2
5116:04,06,08,14,15,30|10
5117:06,17,22,27,28,32|3
5118:04,09,12,15,26,31|16
5119:01,07,11,18,20,22|2
5120:01,06,13,18,30,32|14
5121:01,07,20,25,31,32|12
5122:01,04,07,14,30,32|9
5123:11,12,13,17,18,25|7
5124:05,06,10,19,31,33|11
5125:06,14,18,28,31,32|3
5126:02,08,13,19,25,26|9
5127:04,06,11,14,23,25|12
5128:02,04,14,23,29,33|15
5129:05,10,14,20,27,33|3
5130:03,05,09,15,20,25|16
5131:02,07,10,11,12,24|3
5132:02,04,10,18,27,29|15
5133:01,07,14,16,18,25|11
5134:04,13,14,18,26,30|1
5135:01,05,13,15,21,25|11
5136:05,14,16,18,25,27|13
5137:03,09,15,23,25,33|12
5138:03,05,06,11,20,22|13
5139:02,07,20,23,32,33|10
5140:04,06,07,08,12,17|7
5141:03,05,08,12,16,19|15
5142:07,10,12,17,22,29|5
5143:03,10,15,17,20,32|8
5144:01,08,14,15,19,27|9
5145:03,07,08,17,20,28|15
5146:07,11,19,20,24,28|2
5147:06,07,15,27,28,30|10
5148:03,15,17,23,24,29|13
5149:11,16,21,23,25,32|7
5150:03,07,10,14,18,20|2
5151:04,11,12,13,19,30|5
5152:01,05,12,14,21,27|3
5153:04,05,07,21,26,29|1
6001:01,12,15,19,21,28|3
6002:07,13,16,21,26,28|9
6003:02,04,05,06,16,20|12
6004:04,08,17,27,28,31|7
6005:03,19,20,24,26,27|11
6006:08,21,22,23,26,32|14
6007:04,16,18,27,32,33|7
6008:03,05,09,18,28,32|16
6009:05,06,08,20,26,30|6
6010:04,06,12,19,27,29|8
6011:05,07,08,14,27,31|11
6012:09,11,13,27,31,33|10
6013:01,05,06,12,16,21|11
7001:02,04,09,10,20,26|14
7002:05,06,14,20,21,22|1
7003:05,09,11,12,22,27|15
7004:03,07,10,13,25,33|10
7005:01,05,06,16,24,30|12
7006:06,10,14,22,26,27|11
7007:04,12,15,17,22,32|14
7008:01,04,05,18,19,25|10
7009:02,04,14,15,25,27|15
7010:03,08,14,17,30,32|5
7011:03,10,15,25,28,33|16
7012:03,05,07,21,26,28|4
7013:05,15,18,27,29,32|5
7014:01,13,16,20,24,26|9
7015:03,04,08,18,22,30|15
7016:01,18,20,22,26,33|5
7017:05,09,10,24,25,32|14
7018:01,12,18,20,21,26|11
7019:04,11,16,23,29,31|14
7020:05,10,16,20,28,31|14
7021:03,06,09,11,25,31|13
7022:02,04,07,10,18,27|10
7023:03,07,13,17,32,33|2
7024:08,09,17,25,27,32|6
7025:03,16,18,22,23,26|3
7026:01,04,14,16,26,29|10
7027:02,03,09,22,24,27|11
7028:03,08,13,20,29,30|11
7029:06,08,09,11,19,21|10
7030:03,16,21,22,27,30|4
7031:04,06,10,12,19,31|1
7032:04,08,16,24,30,32|16
7033:03,04,11,17,18,28|9
7034:02,09,12,14,23,25|16
7035:01,04,08,12,29,31|6
7036:03,14,21,23,30,31|10
7037:10,11,16,23,31,33|16
7038:03,11,14,19,21,30|5
7039:06,07,19,24,27,29|1
7040:13,14,15,19,24,30|10
7041:01,03,09,11,26,31|12
7042:03,13,16,19,32,33|8
7043:03,08,10,11,14,30|5
7044:09,13,20,21,24,32|8
7045:01,12,18,21,28,30|10
7046:02,06,07,09,19,26|14
7047:02,04,16,18,23,30|6
7048:02,11,12,15,17,28|12
7049:04,14,18,19,31,33|2
7050:01,05,08,13,18,25|2
7051:03,14,16,26,27,33|13
7052:02,03,07,08,26,29|7
7053:10,13,16,17,18,27|11
7054:01,03,16,18,23,28|5
7055:02,06,11,22,28,29|2
7056:14,17,21,29,31,32|12
7057:05,11,18,19,20,21|9
7058:07,08,10,13,25,27|7
7059:01,03,04,06,07,29|14
7060:01,02,08,16,19,29|5
7061:01,06,07,11,20,23|5
7062:08,17,20,29,30,33|9
7063:10,15,17,24,26,28|12
7064:02,06,09,16,21,23|16
7065:04,07,19,21,25,31|7
7066:05,11,16,24,32,33|8
7067:06,11,13,17,21,23|11
7068:11,18,19,22,23,28|1
7069:03,04,11,12,14,32|12
7070:06,08,15,17,18,30|12
7071:01,06,14,21,30,31|9
7072:02,04,08,13,14,33|16
7073:05,09,11,19,28,31|2
7074:08,13,15,25,27,28|3
7075:13,16,17,22,30,32|3
7076:06,12,15,16,20,31|2
7077:06,08,14,21,28,29|2
7078:04,06,07,23,25,32|1
7079:03,04,14,20,21,25|14
7080:01,08,16,18,19,29|4
7081:09,14,15,19,24,33|13
7082:05,15,17,18,25,32|15
7083:11,14,18,20,21,26|5
7084:06,10,12,14,20,27|10
7085:02,12,17,19,29,30|12
7086:05,08,14,22,27,29|16
7087:01,03,04,05,08,21|9
7088:02,04,10,28,29,33|6
7089:03,07,08,15,19,28|3
7090:05,11,13,27,30,31|2
7091:02,11,17,30,31,32|7
7092:14,18,22,23,24,33|9
7093:05,10,13,15,19,29|2
7094:03,05,18,19,24,32|2
7095:01,06,08,18,29,32|7
7096:09,10,20,22,30,32|8
7097:04,08,13,18,26,30|11
7098:02,03,05,11,19,20|12
7099:03,04,14,27,31,33|5
7100:08,18,27,29,30,32|6
7101:15,16,18,21,22,30|14
7102:04,06,08,18,20,33|11
7103:07,09,25,27,30,32|1
7104:02,08,12,14,20,32|4
7105:02,07,10,17,23,29|14
7106:12,18,21,24,25,29|8
7107:02,08,09,18,24,28|10
7108:03,07,12,13,20,33|2
7109:01,04,07,08,13,14|4
7110:02,04,07,15,24,28|3
7111:02,09,10,12,13,17|11
7112:07,11,14,16,25,32|11
7113:04,18,23,25,26,31|10
7114:05,12,15,24,27,33|5
7115:01,05,10,16,20,26|2
7116:03,05,07,11,17,27|13
7117:03,07,09,10,26,32|1
7118:04,10,16,18,25,32|15
7119:03,08,11,13,25,31|12
7120:06,07,11,12,18,25|1
7121:03,10,21,22,27,28|6
7122:04,07,19,24,26,32|9
7123:01,13,15,23,28,32|2
7124:03,07,13,16,19,32|16
7125:03,05,18,20,27,33|1
7126:09,10,19,23,26,31|9
7127:06,09,13,16,24,28|11
7128:09,10,19,21,27,31|5
7129:05,07,20,21,22,30|8
7130:03,05,09,11,27,31|4
7131:03,05,07,16,22,27|5
7132:01,09,16,21,22,23|5
7133:03,06,07,11,13,33|10
7134:01,04,10,13,18,25|15
7135:01,11,16,26,31,33|16
7136:01,02,18,21,25,29|14
7137:03,07,08,18,20,22|3
7138:02,03,15,17,19,25|16
7139:06,10,12,14,16,22|6
7140:01,05,16,21,22,26|11
7141:02,03,04,06,17,31|8
7142:11,20,25,26,27,30|8
7143:01,06,22,23,24,26|4
7144:08,14,23,25,28,32|16
7145:08,09,11,12,25,31|11
7146:04,18,22,24,26,30|9
7147:03,07,18,24,26,27|4
7148:03,09,16,17,23,28|7
7149:01,17,19,22,28,30|3
7150:03,05,11,13,19,24|5
7151:01,06,10,11,23,25|2
7152:11,17,21,29,30,33|8
7153:01,04,19,20,25,31|15
8001:02,04,07,09,14,29|3
8002:03,04,18,22,25,29|9
8003:06,08,11,13,17,19|12
8004:04,08,22,23,27,29|8
8005:03,05,15,22,24,25|15
8006:01,14,16,18,22,27|14
8007:01,13,17,22,23,30|11
8008:02,15,16,23,26,27|7
8009:09,21,29,30,31,32|16
8010:03,08,11,17,21,27|9
8011:02,14,17,21,30,32|3
8012:03,04,05,16,20,30|13
8013:02,08,15,16,22,28|10
8014:03,09,11,17,21,31|14
8015:06,08,11,16,29,33|3
8016:03,12,14,21,29,33|13
8017:02,05,07,17,20,22|2
8018:02,05,06,23,26,33|13
8019:02,09,11,17,27,31|5
8020:03,10,13,15,28,30|3
8021:09,12,19,20,26,28|15
8022:12,18,20,24,28,32|5
8023:08,16,18,25,26,32|2
8024:11,20,21,26,28,30|13
8025:08,16,17,18,19,21|14
8026:05,17,19,27,29,32|3
8027:15,18,19,23,24,26|13
8028:01,13,21,26,29,32|10
8029:01,09,14,22,29,32|12
8030:06,15,18,19,20,28|11
8031:03,06,11,15,21,31|13
8032:05,14,16,21,23,28|13
8033:12,17,18,30,31,33|4
8034:03,05,09,11,21,29|9
8035:07,11,14,17,18,29|16
8036:02,06,13,18,23,28|16
8037:01,12,22,24,28,31|6
8038:03,09,10,11,15,19|13
8039:01,07,10,13,22,29|1
8040:06,13,22,25,27,28|9
8041:08,11,20,22,23,27|4
8042:03,04,09,11,12,24|1
8043:03,10,16,22,27,33|14
8044:05,07,09,20,26,29|9
8045:01,10,13,21,29,32|4
8046:15,16,18,24,28,33|15
8047:09,12,13,14,20,22|10
8048:11,18,21,27,30,32|1
8049:03,10,12,13,19,25|4
8050:01,11,19,24,26,27|3
8051:01,04,08,10,13,33|11
8052:02,10,17,23,29,31|10
8053:06,12,19,20,21,27|4
8054:02,06,16,17,20,25|7
8055:11,16,19,23,26,31|4
8056:08,13,22,23,25,30|7
8057:19,20,21,26,28,30|8
8058:01,12,21,27,29,31|11
8059:02,06,15,29,31,32|16
8060:06,07,08,17,30,32|3
8061:01,02,05,12,26,31|6
8062:06,08,13,17,24,27|15
8063:05,09,11,14,16,17|15
8064:01,02,07,09,12,18|12
8065:05,13,15,19,30,31|5
8066:07,12,21,22,29,30|8
8067:10,11,15,19,26,33|13
8068:05,07,17,23,27,29|7
8069:05,08,17,20,26,30|10
8070:05,06,12,15,18,33|13
8071:01,06,21,26,27,28|9
8072:01,05,10,18,22,30|9
8073:01,09,13,22,28,33|8
8074:01,11,15,19,20,24|9
8075:01,08,14,18,22,30|3
8076:02,05,07,11,13,18|11
8077:04,12,22,26,30,33|9
8078:06,13,16,26,30,33|1
8079:03,04,05,10,20,32|9
8080:04,14,22,25,29,32|14
8081:02,12,13,18,25,31|4
8082:04,08,10,12,21,26|9
8083:07,08,09,18,29,32|9
8084:04,07,13,20,29,30|16
8085:01,04,12,20,24,29|15
8086:04,05,10,26,27,30|12
8087:01,07,26,29,30,31|6
8088:01,06,08,16,17,23|5
8089:03,06,11,16,22,27|11
8090:02,07,14,18,19,24|1
8091:03,12,14,23,31,32|10
8092:01,03,18,27,28,30|5
8093:04,10,12,16,26,28|7
8094:01,04,15,16,23,28|14
8095:03,08,14,21,28,29|3
8096:06,08,12,24,27,31|14
8097:03,06,08,09,16,17|13
8098:06,07,10,11,15,30|1
8099:10,15,16,22,23,24|7
8100:08,14,17,21,27,28|14
8101:09,17,21,26,28,30|4
8102:03,07,12,21,25,32|5
8103:01,12,16,18,22,33|4
8104:03,06,08,17,24,31|1
8105:05,17,19,27,28,32|2
8106:14,19,25,27,29,30|15
8107:06,13,18,22,27,32|4
8108:09,10,15,17,23,30|12
8109:04,07,09,16,21,28|10
8110:10,16,22,23,29,31|2
8111:17,18,21,25,31,32|6
8112:05,13,14,19,22,23|6
8113:06,09,10,12,17,22|9
8114:04,09,20,24,25,31|14
8115:02,12,13,14,17,18|6
8116:03,07,21,22,24,29|14
8117:03,05,07,10,14,33|7
8118:04,09,16,27,31,33|1
8119:05,07,09,15,24,29|7
8120:10,11,22,24,26,33|2
8121:02,22,23,27,31,32|6
8122:02,08,11,14,19,26|15
8123:10,11,15,16,25,29|2
8124:01,07,10,13,21,22|3
8125:10,11,12,15,26,29|9
8126:04,11,12,14,20,30|13
8127:05,08,19,22,27,30|13
8128:01,05,19,20,27,33|5
8129:01,03,18,24,25,32|15
8130:01,12,18,28,30,32|6
8131:02,12,15,18,22,32|8
8132:09,13,16,25,27,33|8
8133:08,11,16,19,24,26|11
8134:10,15,19,20,28,32|2
8135:05,14,15,16,19,21|15
8136:05,09,10,12,18,28|2
8137:01,04,24,28,29,33|9
8138:07,14,19,23,25,32|4
8139:08,09,19,23,25,26|7
8140:07,14,16,29,30,31|14
8141:03,13,20,25,29,33|15
8142:05,06,10,13,17,28|15
8143:12,17,18,19,26,27|6
8144:02,05,10,27,29,33|15
8145:07,13,18,22,26,29|2
8146:07,08,17,19,31,32|10
8147:07,08,14,22,26,33|2
8148:03,05,09,22,26,28|9
8149:10,14,22,28,29,33|2
8150:04,19,22,24,29,32|2
8151:06,08,10,14,17,19|6
8152:01,04,06,22,26,30|8
8153:01,04,18,21,24,30|16
8154:02,05,07,21,22,26|8
9001:04,21,23,24,30,31|4
9002:10,14,17,25,29,33|14
9003:02,03,06,15,25,30|2
9004:03,11,13,17,28,31|3
9005:01,03,08,15,17,21|13
9006:06,12,18,20,26,33|2
9007:01,05,12,23,25,26|15
9008:04,15,16,22,32,33|2
9009:08,15,21,30,31,33|2
9010:03,10,17,19,20,24|2
9011:02,04,13,14,18,23|15
9012:05,11,14,17,18,28|1
9013:04,08,09,21,26,27|9
9014:03,06,09,14,15,18|2
9015:02,04,06,15,17,32|5
9016:02,07,13,16,20,33|3
9017:06,14,15,19,25,26|8
9018:02,05,06,19,27,30|15
9019:06,17,19,20,26,27|4
9020:03,05,07,10,19,23|13
9021:01,04,05,17,24,27|9
9022:05,08,09,10,11,18|8
9023:01,06,07,15,24,30|8
9024:01,03,17,23,30,33|12
9025:10,20,22,23,26,33|11
9026:11,15,17,18,20,30|16
9027:02,07,11,16,27,32|6
9028:03,06,12,15,23,26|10
9029:12,13,15,22,23,29|13
9030:08,14,24,26,28,32|7
9031:01,02,03,15,30,33|1
9032:09,11,12,19,27,32|6
9033:07,08,13,14,29,30|6
9034:09,12,18,21,22,26|7
9035:06,15,21,26,29,31|5
9036:06,09,18,23,32,33|7
9037:02,06,15,18,20,31|3
9038:12,13,15,23,28,32|5
9039:05,12,14,15,21,27|3
9040:04,07,10,20,26,30|12
9041:01,08,23,26,28,33|8
9042:08,16,22,23,27,30|11
9043:04,09,10,15,18,26|7
9044:11,14,16,18,26,30|1
9045:03,04,06,23,30,32|1
9046:16,20,21,26,29,30|9
9047:06,08,11,15,21,22|16
9048:03,07,11,15,17,31|1
9049:09,12,14,20,30,31|6
9050:13,21,24,29,30,32|4
9051:06,10,13,16,21,23|7
9052:09,11,15,19,21,30|8
9053:07,12,18,19,22,28|4
9054:16,17,23,26,31,32|11
9055:03,04,18,22,24,29|11
9056:04,09,10,18,29,32|8
9057:05,07,10,14,17,25|11
9058:05,08,10,15,23,26|9
9059:03,07,13,23,27,30|11
9060:07,13,17,26,32,33|4
9061:10,11,13,16,19,30|3
9062:10,19,20,21,23,32|10
9063:02,05,11,26,30,32|16
9064:01,02,14,23,28,29|15
9065:08,12,20,22,30,33|2
9066:02,15,19,24,31,32|4
9067:04,10,16,23,28,30|5
9068:06,11,18,20,25,30|5
9069:03,05,12,18,21,23|2
9070:01,02,09,10,21,31|10
9071:04,05,23,26,31,32|6
9072:01,03,12,20,21,29|4
9073:09,16,17,18,22,27|14
9074:05,10,16,19,23,28|13
9075:01,13,15,17,20,30|5
9076:09,18,19,25,28,31|6
9077:01,09,14,16,28,32|16
9078:05,07,12,14,15,20|13
9079:02,09,16,21,30,31|13
9080:01,11,13,25,32,33|6
9081:04,05,06,25,29,30|3
9082:11,15,18,21,27,29|2
9083:02,08,12,18,24,28|4
9084:04,09,11,20,32,33|13
9085:04,08,12,17,20,30|3
9086:11,12,13,18,23,32|11
9087:06,11,13,20,28,32|6
9088:04,07,11,15,16,17|2
9089:02,03,07,11,19,32|4
9090:07,09,14,20,23,30|14
9091:03,08,11,14,25,29|4
9092:02,06,07,14,18,31|8
9093:01,11,20,31,32,33|1
9094:03,16,22,25,26,33|14
9095:08,09,14,28,31,33|15
9096:01,26,27,31,32,33|3
9097:07,13,24,26,28,32|14
9098:03,14,15,20,23,30|2
9099:08,09,18,20,25,29|9
9100:02,11,17,27,30,33|11
9101:01,02,05,10,19,24|14
9102:03,05,07,08,14,31|10
9103:06,11,17,20,23,24|9
9104:20,22,26,29,30,32|16
9105:02,08,10,16,27,30|15
9106:01,02,15,18,20,29|4
9107:07,08,20,23,28,29|5
9108:04,10,17,28,32,33|2
9109:05,06,07,14,25,28|1
9110:04,10,13,15,19,30|14
9111:02,04,07,14,15,25|15
9112:06,07,18,24,30,32|9
9113:04,12,20,25,28,29|16
9114:03,05,11,12,31,32|11
9115:02,09,13,15,19,24|3
9116:05,17,21,25,27,32|14
9117:05,09,15,21,26,31|13
9118:12,16,25,26,27,31|5
9119:06,07,10,12,15,21|5
9120:01,02,08,12,16,30|16
9121:02,04,06,10,25,30|9
9122:07,14,16,27,29,32|1
9123:09,13,20,22,25,28|14
9124:03,04,22,23,28,30|10
9125:06,07,08,22,26,27|12
9126:03,05,06,10,19,23|15
9127:02,11,12,14,15,16|4
9128:05,08,15,16,26,32|1
9129:06,07,16,17,24,25|7
9130:02,03,07,12,13,30|11
9131:16,23,25,26,32,33|5
9132:04,14,15,21,23,30|7
9133:05,09,13,18,20,32|1
9134:03,05,12,15,28,33|6
9135:01,03,14,19,30,33|16
9136:01,04,14,22,30,33|1
9137:08,12,14,15,17,21|1
9138:04,07,14,26,32,33|14
9139:01,05,15,17,27,29|2
9140:04,05,11,18,22,33|12
9141:02,13,21,28,29,31|9
9142:07,11,15,19,20,24|13
9143:05,09,11,17,23,28|10
9144:01,05,10,17,18,29|12
9145:03,05,11,15,26,33|11
9146:03,09,16,20,22,33|15
9147:06,08,10,18,22,32|16
9148:06,12,15,22,29,32|10
9149:01,03,16,18,22,29|4
9150:04,06,07,16,19,20|4
9151:06,08,10,16,25,30|14
9152:03,04,19,21,27,28|5
9153:06,07,08,20,21,25|10
9154:01,07,12,14,18,25|16
10001:07,17,18,27,29,32|13
10002:03,06,07,23,30,33|13
10003:14,22,26,27,28,31|4
10004:01,12,13,16,23,28|7
10005:03,05,06,08,17,18|14
10006:03,05,07,13,14,18|5
10007:14,22,27,28,30,33|14
10008:05,07,13,15,18,30|14
10009:01,09,13,21,24,32|6
10010:07,08,12,15,22,26|8
10011:07,08,14,22,24,30|7
10012:02,08,13,14,25,33|10
10013:01,02,03,16,18,23|12
10014:01,03,07,14,26,28|2
10015:01,04,16,21,23,28|6
10016:02,08,10,12,30,33|16
10017:01,03,06,11,12,23|11
10018:11,28,29,30,32,33|2
10019:02,10,22,24,26,27|6
10020:05,06,14,22,24,26|9
10021:02,09,16,17,19,25|4
10022:01,02,18,29,31,32|2
10023:02,09,11,22,24,27|11
10024:07,16,26,27,29,31|14
10025:04,05,07,10,13,25|11
10026:02,04,05,08,19,22|12
10027:03,04,15,25,26,30|13
10028:01,03,06,12,16,32|12
10029:01,05,14,16,17,22|3
10030:03,06,10,16,25,31|5
10031:05,07,13,24,25,28|4
10032:08,18,21,28,29,33|8
10033:08,10,11,12,25,29|9
10034:06,11,13,22,25,32|12
10035:09,10,11,18,19,21|10
10036:06,13,14,28,29,30|8
10037:03,16,19,21,24,26|6
10038:01,06,07,11,13,16|1
10039:08,17,21,23,25,32|12
10040:12,19,24,25,30,32|11
10041:03,05,13,19,25,29|12
10042:03,06,11,20,31,32|10
10043:04,10,19,22,28,33|4
10044:03,09,21,23,27,31|5
10045:02,03,04,13,20,29|1
10046:11,12,21,23,27,32|5
10047:03,10,13,20,21,32|15
10048:01,06,08,10,23,33|2
10049:01,06,10,26,27,28|2
10050:07,21,22,26,28,30|11
10051:04,17,23,27,28,32|3
10052:01,02,19,23,27,29|10
10053:03,22,24,27,28,30|14
10054:01,06,08,12,14,25|6
10055:02,03,13,19,20,23|8
10056:01,02,03,08,13,32|7
10057:05,11,12,19,25,32|5
10058:01,04,11,17,19,29|12
10059:01,09,11,12,18,30|10
10060:01,08,15,18,22,27|9
10061:02,04,16,19,22,26|12
10062:11,13,15,20,31,33|3
10063:02,06,10,17,23,24|3
10064:08,14,25,26,30,31|11
10065:02,07,08,17,30,32|12
10066:01,03,21,22,31,32|7
10067:01,07,10,14,21,25|1
10068:03,13,18,20,23,28|13
10069:12,14,20,22,24,32|11
10070:08,13,23,27,31,33|7
10071:05,13,14,17,20,26|1
10072:06,08,22,23,30,31|1
10073:01,16,20,23,27,31|2
10074:02,10,17,18,19,29|15
10075:05,09,12,13,15,22|14
10076:01,12,14,29,31,32|15
10077:02,08,14,20,21,24|9
10078:01,03,09,11,17,23|12
10079:08,11,12,14,18,22|2
10080:08,10,13,14,16,23|16
10081:02,03,09,24,26,27|5
10082:01,08,13,14,27,31|2
10083:02,20,21,22,23,31|12
10084:02,10,14,18,20,30|3
10085:01,08,12,13,24,27|8
10086:05,21,28,29,30,31|8
10087:01,08,16,17,25,30|10
10088:05,06,15,23,27,30|12
10089:07,08,09,16,23,26|1
10090:01,06,10,15,25,31|14
10091:06,13,16,20,22,24|16
10092:03,13,19,27,28,30|2
10093:09,10,19,28,32,33|6
10094:03,05,07,27,31,32|10
10095:09,11,16,17,25,27|14
10096:07,12,21,23,24,28|3
10097:10,16,18,21,24,26|1
10098:01,03,08,16,29,33|7
10099:03,04,17,24,27,30|6
10100:01,06,12,22,23,26|8
10101:04,09,18,21,25,26|6
10102:04,11,16,20,22,29|10
10103:06,09,14,17,20,33|9
10104:07,17,23,24,27,32|2
10105:01,08,09,19,21,31|11
10106:02,06,08,15,26,29|16
10107:08,12,15,17,22,33|16
10108:02,04,08,20,23,24|7
10109:04,15,18,25,29,32|15
10110:01,03,12,24,26,27|1
10111:04,07,08,13,17,18|10
10112:01,08,18,24,29,30|16
10113:05,10,15,18,20,28|10
10114:01,08,11,15,17,25|1
10115:01,22,24,25,29,33|15
10116:05,09,10,20,22,26|7
10117:01,08,20,22,24,28|1
10118:05,08,11,13,15,25|5
10119:07,17,25,27,30,31|9
10120:01,02,05,06,10,29|16
10121:08,11,13,18,25,30|15
10122:02,09,12,16,25,27|6
10123:06,12,15,18,29,32|10
10124:02,06,08,11,12,25|2
10125:06,07,13,23,28,29|9
10126:03,13,18,20,27,28|5
10127:01,04,08,17,25,33|1
10128:04,11,19,20,24,28|12
10129:04,08,14,25,28,32|16
10130:01,02,07,15,21,31|16
10131:05,06,15,16,19,26|6
10132:02,10,12,18,24,33|15
10133:03,09,17,21,26,32|1
10134:09,15,16,22,27,28|6
10135:04,10,13,25,26,30|10
10136:04,10,23,24,26,33|10
10137:07,09,10,13,19,33|6
10138:01,21,23,24,26,30|5
10139:11,13,18,20,26,31|9
10140:01,12,13,18,26,29|15
10141:02,03,07,18,23,27|6
10142:02,16,18,23,26,27|10
10143:09,16,18,26,30,31|14
10144:02,03,08,15,19,21|11
10145:03,21,24,27,28,31|8
10146:01,17,18,22,25,32|1
10147:02,08,15,18,24,30|3
10148:01,03,07,18,23,27|12
10149:02,07,08,16,25,30|9
10150:02,17,18,23,29,30|6
10151:02,13,14,17,19,26|14
10152:04,09,17,21,25,31|1
10153:03,06,12,19,30,31|13
11001:03,09,20,24,26,32|10
11002:06,08,12,17,28,33|5
11003:13,14,21,22,23,27|4
11004:04,06,08,10,13,26|5
11005:06,09,12,14,20,22|13
11006:01,03,05,13,16,18|5
11007:01,09,17,24,26,31|5
11008:10,12,13,17,24,31|15
11009:17,18,23,24,25,26|4
11010:01,04,05,09,15,19|13
11011:01,12,18,19,21,24|10
11012:07,08,11,13,15,26|13
11013:01,03,13,16,21,22|8
11014:05,07,10,11,23,26|16
11015:03,06,13,26,27,29|7
11016:03,04,16,17,22,29|13
11017:02,06,15,23,26,33|8
11018:13,15,18,28,30,33|1
11019:02,04,12,19,32,33|16
11020:12,16,17,19,24,30|5
11021:01,02,14,18,25,31|8
11022:02,07,14,16,17,21|5
11023:02,03,06,21,22,25|5
11024:05,07,10,19,26,31|14
11025:08,25,26,31,32,33|9
11026:07,08,17,19,21,26|12
11027:13,18,21,22,25,26|1
11028:01,04,05,14,16,17|1
11029:01,04,09,10,20,31|7
11030:02,09,19,24,25,33|10
11031:16,17,24,28,29,32|12
11032:03,05,07,13,14,15|15
11033:02,08,12,13,19,29|4
11034:13,14,17,19,24,31|8
11035:13,14,18,20,27,31|2
11036:02,11,20,22,24,31|5
11037:01,03,04,06,17,25|11
11038:02,14,15,19,23,24|12
11039:03,07,10,16,24,29|13
11040:05,11,14,24,26,28|13
11041:04,10,12,13,30,32|13
11042:05,13,15,17,19,21|15
11043:04,13,14,17,25,31|4
11044:03,14,16,26,27,31|9
11045:02,16,17,20,26,32|8
11046:09,17,18,26,29,30|8
11047:04,13,23,25,27,33|14
11048:10,14,18,25,26,27|15
11049:01,11,17,18,27,31|14
11050:04,05,19,22,28,29|15
11051:01,07,11,14,15,16|14
11052:04,05,08,19,27,28|8
11053:03,06,10,12,22,30|15
11054:08,11,16,17,22,33|8
11055:08,13,16,17,29,32|16
11056:13,16,19,20,23,25|10
11057:04,06,20,21,26,33|2
11058:07,18,22,30,32,33|6
11059:24,26,27,29,31,33|16
11060:10,11,13,21,27,31|1
11061:02,03,08,13,19,21|3
11062:04,08,09,10,29,30|3
11063:04,06,13,15,18,19|5
11064:03,06,07,29,30,33|2
11065:04,16,23,25,27,29|3
11066:04,06,14,17,30,32|12
11067:17,19,20,24,25,27|12
11068:03,07,10,15,19,24|10
11069:02,13,16,18,24,30|12
11070:01,03,05,12,21,28|12
11071:01,02,15,22,28,30|2
11072:01,06,10,11,18,27|12
11073:03,04,05,12,17,21|14
11074:02,21,26,28,29,32|1
11075:07,09,10,12,31,32|13
11076:06,19,21,26,32,33|13
11077:01,07,08,15,26,29|10
11078:03,05,13,20,22,29|9
11079:03,14,15,16,24,29|5
11080:02,07,09,25,31,32|9
11081:06,14,19,23,25,32|12
11082:07,16,17,20,25,26|4
11083:07,16,18,24,28,29|6
11084:09,10,12,16,18,32|15
11085:03,06,11,21,24,31|10
11086:06,07,09,12,17,24|9
11087:02,03,04,05,18,28|1
11088:03,09,17,20,21,29|4
11089:01,02,11,24,29,30|12
11090:02,05,14,18,21,25|16
11091:09,15,21,23,28,30|3
11092:05,10,17,26,31,32|4
11093:04,07,11,13,23,30|9
11094:09,11,12,17,18,19|5
11095:03,07,08,10,23,24|5
11096:01,04,07,13,14,19|15
11097:09,17,19,20,21,26|16
11098:03,07,20,21,22,32|5
11099:10,12,13,21,26,27|14
11100:07,11,21,23,31,32|5
11101:06,10,19,23,29,31|6
11102:01,05,13,21,27,31|11
11103:04,05,10,13,15,16|12
11104:09,10,16,20,25,29|9
11105:04,06,23,25,27,28|1
11106:02,11,12,14,24,32|14
11107:04,09,16,17,22,29|15
11108:02,17,22,26,29,33|10
11109:01,03,09,15,16,33|15
11110:12,14,21,26,28,33|12
11111:01,03,05,20,25,27|4
11112:03,05,16,18,23,24|15
11113:06,10,11,25,32,33|5
11114:01,14,15,16,30,32|9
11115:07,08,09,12,17,33|16
11116:01,07,11,12,17,27|5
11117:08,10,19,26,28,30|4
11118:05,06,11,14,20,21|10
11119:09,12,14,19,28,32|1
11120:04,14,17,28,30,33|7
11121:04,14,22,25,32,33|2
11122:10,12,18,26,27,31|3
11123:01,04,05,14,19,28|16
11124:09,18,19,26,31,32|16
11125:03,10,15,24,27,32|8
11126:03,07,13,18,23,26|16
11127:16,19,22,23,27,29|11
11128:09,11,14,17,19,23|12
11129:07,10,11,21,23,26|6
11130:07,14,18,23,25,32|15
11131:02,07,09,17,21,25|1
11132:02,05,12,13,25,33|7
11133:12,14,20,21,25,31|16
11134:01,02,06,07,30,31|10
11135:12,13,17,20,25,26|12
11136:02,04,06,20,22,31|7
11137:02,11,18,23,30,33|13
11138:01,05,15,24,28,32|7
11139:08,20,24,27,30,31|3
11140:04,18,20,22,27,29|6
11141:02,04,06,19,24,29|11
11142:12,15,16,26,29,31|2
11143:07,08,12,14,15,30|16
11144:01,02,09,10,16,24|3
11145:02,04,14,15,26,30|4
11146:11,23,26,28,32,33|10
11147:04,08,12,17,18,30|10
11148:05,14,22,23,25,26|14
11149:04,05,06,07,23,31|16
11150:08,10,12,15,22,27|13
11151:07,11,16,19,31,33|10
11152:04,10,11,12,21,26|13
11153:05,08,09,10,20,25|13
12001:01,04,05,09,15,17|6
12002:02,03,07,09,10,32|13
12003:03,06,08,24,29,31|9
12004:01,05,10,11,21,23|16
12005:07,09,18,27,31,33|6
12006:02,22,25,29,32,33|8
12007:10,17,19,27,28,32|4
12008:01,12,20,23,24,29|8
12009:04,16,24,26,27,33|11
12010:01,03,13,19,25,26|10
12011:04,14,15,16,20,26|5
12012:15,17,18,20,23,27|1
12013:06,08,24,29,30,32|13
12014:01,02,05,16,28,30|12
12015:01,03,06,10,21,23|15
12016:02,05,12,17,22,25|8
12017:06,09,14,19,25,28|10
12018:03,05,06,22,26,32|15
12019:07,14,18,20,22,30|16
12020:03,08,12,18,23,29|11
12021:01,15,16,18,22,30|3
12022:04,08,12,24,26,27|4
12023:05,09,15,23,24,33|2
12024:04,12,19,21,25,28|13
12025:03,08,09,17,25,27|6
12026:03,07,09,15,24,25|16
12027:04,16,22,25,30,31|12
12028:10,15,20,21,28,30|11
12029:04,07,15,25,26,28|3
12030:09,10,17,18,21,31|8
12031:04,16,22,24,27,31|3
12032:01,02,10,17,22,24|4
12033:02,03,15,16,17,27|4
12034:02,03,08,23,32,33|16
12035:09,11,12,21,24,26|5
12036:02,11,13,18,19,26|9
12037:05,14,19,24,28,33|9
12038:09,10,11,15,19,33|16
12039:01,02,05,13,22,29|8
12040:03,08,09,22,25,31|10
12041:08,11,15,20,24,32|2
12042:05,06,11,19,24,28|16
12043:02,09,11,21,26,33|3
12044:06,09,10,14,22,25|3
12045:08,11,20,21,27,30|9
12046:04,12,19,20,23,33|6
12047:06,07,11,16,32,33|11
12048:01,05,14,22,24,30|10
12049:04,12,13,19,20,32|2
12050:07,13,15,17,19,24|11
12051:02,12,14,17,30,31|9
12052:02,03,05,06,20,24|4
12053:04,15,22,25,27,33|4
12054:06,14,18,20,30,33|14
12055:04,06,13,20,24,28|1
12056:04,07,14,17,26,31|10
12057:03,05,19,21,27,31|4
12058:03,06,15,20,25,26|4
12059:04,13,21,22,26,31|1
12060:07,10,13,16,17,29|1
12061:03,08,11,12,14,18|14
12062:02,13,16,17,20,31|7
12063:02,10,17,19,24,27|12
12064:05,10,11,16,23,24|11
12065:08,10,18,19,27,31|14
12066:01,02,09,26,29,33|12
12067:04,05,10,21,26,30|16
12068:05,17,22,26,32,33|10
12069:08,10,11,18,20,29|6
12070:02,03,04,24,31,32|11
12071:03,04,19,21,22,23|8
12072:02,03,07,09,13,30|6
12073:04,07,09,10,17,27|5
12074:15,16,18,19,28,32|8
12075:04,06,22,23,29,32|11
12076:11,18,22,27,29,30|15
12077:02,04,13,18,26,28|12
12078:08,15,22,24,28,33|12
12079:06,07,12,24,30,33|12
12080:04,09,14,15,16,27|3
12081:02,05,10,24,25,29|6
12082:02,04,11,18,22,29|6
12083:04,09,14,15,26,33|4
12084:02,10,20,26,28,29|14
12085:05,17,24,30,31,33|5
12086:08,09,13,15,22,23|8
12087:03,10,11,13,14,22|9
12088:03,05,23,24,27,31|15
12089:03,07,10,13,14,25|11
12090:02,13,20,25,29,30|11
12091:01,05,07,08,19,21|16
12092:06,13,17,18,28,32|3
12093:03,05,19,21,24,33|13
12094:06,09,14,16,23,33|15
12095:17,24,27,28,29,30|2
12096:04,07,11,16,29,33|7
12097:05,08,13,14,19,22|6
12098:02,12,19,26,29,31|9
12099:08,12,15,16,21,27|16
12100:05,07,15,18,25,33|10
12101:09,12,17,18,20,33|2
12102:13,25,27,28,29,30|15
12103:04,09,11,14,32,33|2
12104:04,05,09,10,19,28|3
12105:06,13,14,15,17,30|4
12106:13,14,20,22,23,32|16
12107:11,12,15,24,25,31|9
12108:01,09,12,13,19,28|13
12109:02,12,24,26,29,31|3
12110:03,07,10,13,22,32|9
12111:02,09,10,20,22,31|13
12112:08,15,20,21,27,31|6
12113:03,06,09,13,18,32|6
12114:01,06,11,26,27,29|15
12115:03,08,20,24,26,32|14
12116:03,21,26,29,31,32|3
12117:13,15,18,20,24,28|9
12118:05,06,07,12,15,28|11
12119:12,20,25,26,27,28|13
12120:01,04,20,24,28,29|16
12121:01,07,08,20,23,24|11
12122:12,13,19,22,28,29|11
12123:08,10,16,25,28,33|9
12124:06,07,21,25,27,33|11
12125:08,12,13,26,29,33|1
12126:03,05,12,15,23,24|7
12127:01,09,11,21,26,32|8
12128:05,09,12,29,30,31|5
12129:01,07,09,17,21,29|1
12130:01,03,15,20,22,31|3
12131:06,18,19,26,28,32|12
12132:07,12,16,17,21,25|10
12133:01,08,11,20,21,29|2
12134:02,05,06,07,13,23|15
12135:02,05,07,08,11,17|16
12136:02,07,08,17,21,28|11
12137:01,02,04,06,13,17|7
12138:01,07,16,17,19,21|14
12139:08,19,21,24,28,31|15
12140:14,18,27,30,31,33|15
12141:03,05,08,19,20,27|9
12142:05,18,22,28,29,31|6
12143:07,08,18,25,30,32|6
12144:03,10,12,13,27,30|4
12145:05,20,26,27,28,33|3
12146:01,05,07,13,29,32|13
12147:02,12,15,23,24,32|9
12148:03,06,11,17,21,31|7
12149:01,05,13,25,26,32|13
12150:09,11,17,23,24,26|7
12151:05,14,24,25,26,32|1
12152:10,12,18,22,28,29|7
12153:04,05,11,21,27,28|10
12154:05,07,12,16,28,32|4
13001:06,08,14,15,24,25|6
13002:01,16,18,22,28,30|12
13003:22,23,26,27,28,33|9
13004:06,10,16,20,27,32|8
13005:01,13,14,25,31,32|12
13006:09,10,13,17,22,30|13
13007:02,09,15,22,26,32|1
13008:03,08,17,21,25,32|15
13009:01,04,09,13,16,23|2
13010:01,09,11,17,32,33|12
13011:03,12,17,24,27,29|9
13012:06,14,17,22,28,29|2
13013:05,06,13,19,22,28|9
13014:02,04,05,17,19,20|8
13015:05,06,07,11,13,18|15
13016:02,05,06,12,14,28|5
13017:04,06,12,30,31,32|9
13018:02,08,13,28,29,30|5
13019:01,02,05,16,20,26|6
13020:01,07,08,12,16,21|1
13021:01,06,17,19,26,31|11
13022:02,04,07,09,15,20|7
13023:03,06,15,18,30,32|5
13024:04,05,13,23,27,30|9
13025:16,17,18,24,25,30|8
