2143:3,5,7        23
2143:3,5,7        22
2143:3,5,7        21
2143:3,5,7        20
2143:3,5,7        19
2143:3,5,7        18
2143:3,5,7        17
2143:3,5,7        16
2143:3,5,7        15
2143:3,5,7        14
2143:3,5,7        13
2143:3,5,7        12
2143:3,5,7        11
2143:3,5,7        10
2143:3,5,7        9
2143:3,5,7        8
2143:3,5,7        7
2143:3,5,7        6
2143:3,5,7        5
2143:3,5,7        4
2143:3,5,7        3
2143:3,5,7        2
2143:3,5,7        1
2189:0,1,4        46
2189:0,1,4        45
2189:0,1,4        44
2189:0,1,4        43
2189:0,1,4        42
2189:0,1,4        41
2189:0,1,4        40
2189:0,1,4        39
2189:0,1,4        38
2189:0,1,4        37
2189:0,1,4        36
2189:0,1,4        35
2189:0,1,4        34
2189:0,1,4        33
2189:0,1,4        32
2189:0,1,4        31
2189:0,1,4        30
2189:0,1,4        29
2189:0,1,4        28
2189:0,1,4        27
2189:0,1,4        26
2189:0,1,4        25
2189:0,1,4        24
2189:0,1,4        23
2189:0,1,4        22
2189:0,1,4        21
2189:0,1,4        20
2189:0,1,4        19
2189:0,1,4        18
2189:0,1,4        17
2189:0,1,4        16
2189:0,1,4        15
2189:0,1,4        14
2189:0,1,4        13
2189:0,1,4        12
2189:0,1,4        11
2189:0,1,4        10
2189:0,1,4        9
2189:0,1,4        8
2189:0,1,4        7
2189:0,1,4        6
2189:0,1,4        5
2189:0,1,4        4
2189:0,1,4        3
2189:0,1,4        2
2189:0,1,4        1
2201:1,5,8        12
2201:1,5,8        11
2201:1,5,8        10
2201:1,5,8        9
2201:1,5,8        8
2201:1,5,8        7
2201:1,5,8        6
2201:1,5,8        5
2201:1,5,8        4
2201:1,5,8        3
2201:1,5,8        2
2201:1,5,8        1
2214:4,5,6        13
2214:4,5,6        12
2214:4,5,6        11
2214:4,5,6        10
2214:4,5,6        9
2214:4,5,6        8
2214:4,5,6        7
2214:4,5,6        6
2214:4,5,6        5
2214:4,5,6        4
2214:4,5,6        3
2214:4,5,6        2
2214:4,5,6        1
2250:1,2,7        36
2250:1,2,7        35
2250:1,2,7        34
2250:1,2,7        33
2250:1,2,7        32
2250:1,2,7        31
2250:1,2,7        30
2250:1,2,7        29
2250:1,2,7        28
2250:1,2,7        27
2250:1,2,7        26
2250:1,2,7        25
2250:1,2,7        24
2250:1,2,7        23
2250:1,2,7        22
2250:1,2,7        21
2250:1,2,7        20
2250:1,2,7        19
2250:1,2,7        18
2250:1,2,7        17
2250:1,2,7        16
2250:1,2,7        15
2250:1,2,7        14
2250:1,2,7        13
2250:1,2,7        12
2250:1,2,7        11
2250:1,2,7        10
2250:1,2,7        9
2250:1,2,7        8
2250:1,2,7        7
2250:1,2,7        6
2250:1,2,7        5
2250:1,2,7        4
2250:1,2,7        3
2250:1,2,7        2
2250:1,2,7        1
2347:2,4,9        97
2347:2,4,9        96
2347:2,4,9        95
2347:2,4,9        94
2347:2,4,9        93
2347:2,4,9        92
2347:2,4,9        91
2347:2,4,9        90
2347:2,4,9        89
2347:2,4,9        88
2347:2,4,9        87
2347:2,4,9        86
2347:2,4,9        85
2349:5,8,9        86
2349:5,8,9        85
2349:5,8,9        84
2349:5,8,9        83
2349:5,8,9        82
2349:5,8,9        81
2349:5,8,9        80
2349:5,8,9        79
2349:5,8,9        78
2349:5,8,9        77
2349:5,8,9        76
2349:5,8,9        75
2349:5,8,9        74
2349:5,8,9        73
2349:5,8,9        72
2349:5,8,9        71
2349:5,8,9        70
2349:5,8,9        69
2349:5,8,9        68
2349:5,8,9        67
2349:5,8,9        66
2349:5,8,9        65
2349:5,8,9        64
2349:5,8,9        63
2349:5,8,9        62
2349:5,8,9        61
2349:5,8,9        60
2349:5,8,9        59
2349:5,8,9        58
2349:5,8,9        57
2349:5,8,9        56
2349:5,8,9        55
2349:5,8,9        54
2349:5,8,9        53
2349:5,8,9        52
2349:5,8,9        51
2349:5,8,9        50
2349:5,8,9        49
2349:5,8,9        48
2349:5,8,9        47
2349:5,8,9        46
2349:5,8,9        45
2349:5,8,9        44
2349:5,8,9        43
2349:5,8,9        42
2349:5,8,9        41
2349:5,8,9        40
2349:5,8,9        39
2349:5,8,9        38
2349:5,8,9        37
2349:5,8,9        36
2349:5,8,9        35
2349:5,8,9        34
2349:5,8,9        33
2349:5,8,9        32
2349:5,8,9        31
2349:5,8,9        30
2349:5,8,9        29
2349:5,8,9        28
2349:5,8,9        27
2349:5,8,9        26
2349:5,8,9        25
2349:5,8,9        24
2349:5,8,9        23
2349:5,8,9        22
2349:5,8,9        21
2349:5,8,9        20
2349:5,8,9        19
2349:5,8,9        18
2349:5,8,9        17
2349:5,8,9        16
2349:5,8,9        15
2349:5,8,9        14
2349:5,8,9        13
2349:5,8,9        12
2349:5,8,9        11
2349:5,8,9        10
2349:5,8,9        9
2349:5,8,9        8
2349:5,8,9        7
2349:5,8,9        6
2349:5,8,9        5
2349:5,8,9        4
2349:5,8,9        3
2349:5,8,9        2
2349:5,8,9        1
2352:1,5,9        3
2352:1,5,9        2
2352:1,5,9        1
3002:0,3,8        8
3002:0,3,8        7
3002:0,3,8        6
3002:0,3,8        5
3002:0,3,8        4
3002:0,3,8        3
3002:0,3,8        2
3002:0,3,8        1
3044:4,5,6        42
3044:4,5,6        41
3044:4,5,6        40
3044:4,5,6        39
3044:4,5,6        38
3044:4,5,6        37
3044:4,5,6        36
3044:4,5,6        35
3044:4,5,6        34
3044:4,5,6        33
3044:4,5,6        32
3044:4,5,6        31
3044:4,5,6        30
3044:4,5,6        29
3044:4,5,6        28
3044:4,5,6        27
3044:4,5,6        26
3044:4,5,6        25
3044:4,5,6        24
3044:4,5,6        23
3044:4,5,6        22
3044:4,5,6        21
3044:4,5,6        20
3044:4,5,6        19
3044:4,5,6        18
3044:4,5,6        17
3044:4,5,6        16
3044:4,5,6        15
3044:4,5,6        14
3044:4,5,6        13
3044:4,5,6        12
3044:4,5,6        11
3044:4,5,6        10
3044:4,5,6        9
3044:4,5,6        8
3044:4,5,6        7
3044:4,5,6        6
3044:4,5,6        5
3044:4,5,6        4
3044:4,5,6        3
3044:4,5,6        2
3044:4,5,6        1
3052:0,1,4        8
3052:0,1,4        7
3052:0,1,4        6
3052:0,1,4        5
3052:0,1,4        4
3052:0,1,4        3
3052:0,1,4        2
3052:0,1,4        1
3129:3,5,7        77
3129:3,5,7        76
3129:3,5,7        75
3129:3,5,7        74
3129:3,5,7        73
3129:3,5,7        72
3129:3,5,7        71
3129:3,5,7        70
3129:3,5,7        69
3129:3,5,7        68
3129:3,5,7        67
3129:3,5,7        66
3129:3,5,7        65
3129:3,5,7        64
3129:3,5,7        63
3129:3,5,7        62
3129:3,5,7        61
3129:3,5,7        60
3129:3,5,7        59
3129:3,5,7        58
3129:3,5,7        57
3129:3,5,7        56
3129:3,5,7        55
3129:3,5,7        54
3129:3,5,7        53
3129:3,5,7        52
3129:3,5,7        51
3129:3,5,7        50
3129:3,5,7        49
3129:3,5,7        48
3129:3,5,7        47
3129:3,5,7        46
3129:3,5,7        45
3129:3,5,7        44
3129:3,5,7        43
3129:3,5,7        42
3129:3,5,7        41
3129:3,5,7        40
3129:3,5,7        39
3129:3,5,7        38
3129:3,5,7        37
3129:3,5,7        36
3129:3,5,7        35
3129:3,5,7        34
3129:3,5,7        33
3129:3,5,7        32
3129:3,5,7        31
3129:3,5,7        30
3129:3,5,7        29
3129:3,5,7        28
3129:3,5,7        27
3129:3,5,7        26
3129:3,5,7        25
3129:3,5,7        24
3129:3,5,7        23
3129:3,5,7        22
3129:3,5,7        21
3129:3,5,7        20
3129:3,5,7        19
3129:3,5,7        18
3129:3,5,7        17
3129:3,5,7        16
3129:3,5,7        15
3129:3,5,7        14
3129:3,5,7        13
3129:3,5,7        12
3129:3,5,7        11
3129:3,5,7        10
3129:3,5,7        9
3129:3,5,7        8
3129:3,5,7        7
3129:3,5,7        6
3129:3,5,7        5
3129:3,5,7        4
3129:3,5,7        3
3129:3,5,7        2
3129:3,5,7        1
3148:1,4,9        19
3148:1,4,9        18
3148:1,4,9        17
3148:1,4,9        16
3148:1,4,9        15
3148:1,4,9        14
3148:1,4,9        13
3148:1,4,9        12
3148:1,4,9        11
3148:1,4,9        10
3148:1,4,9        9
3148:1,4,9        8
3148:1,4,9        7
3148:1,4,9        6
3148:1,4,9        5
3148:1,4,9        4
3148:1,4,9        3
3148:1,4,9        2
3148:1,4,9        1
3160:1,3,9        12
3160:1,3,9        11
3160:1,3,9        10
3160:1,3,9        9
3160:1,3,9        8
3160:1,3,9        7
3160:1,3,9        6
3160:1,3,9        5
3160:1,3,9        4
3160:1,3,9        3
3160:1,3,9        2
3160:1,3,9        1
3162:4,7,9        2
3162:4,7,9        1
3191:0,2,8        29
3191:0,2,8        28
3191:0,2,8        27
3191:0,2,8        26
3191:0,2,8        25
3191:0,2,8        24
3191:0,2,8        23
3191:0,2,8        22
3191:0,2,8        21
3191:0,2,8        20
3191:0,2,8        19
3191:0,2,8        18
3191:0,2,8        17
3191:0,2,8        16
3191:0,2,8        15
3191:0,2,8        14
3191:0,2,8        13
3191:0,2,8        12
3191:0,2,8        11
3191:0,2,8        10
3191:0,2,8        9
3191:0,2,8        8
3191:0,2,8        7
3191:0,2,8        6
3191:0,2,8        5
3191:0,2,8        4
3191:0,2,8        3
3191:0,2,8        2
3191:0,2,8        1
3231:0,1,3        40
3231:0,1,3        39
3231:0,1,3        38
3231:0,1,3        37
3231:0,1,3        36
3231:0,1,3        35
3231:0,1,3        34
3231:0,1,3        33
3231:0,1,3        32
3231:0,1,3        31
3231:0,1,3        30
3231:0,1,3        29
3231:0,1,3        28
3231:0,1,3        27
3231:0,1,3        26
3231:0,1,3        25
3231:0,1,3        24
3231:0,1,3        23
3231:0,1,3        22
3231:0,1,3        21
3231:0,1,3        20
3231:0,1,3        19
3231:0,1,3        18
3231:0,1,3        17
3231:0,1,3        16
3231:0,1,3        15
3231:0,1,3        14
3231:0,1,3        13
3231:0,1,3        12
3231:0,1,3        11
3231:0,1,3        10
3231:0,1,3        9
3231:0,1,3        8
3231:0,1,3        7
3231:0,1,3        6
3231:0,1,3        5
3235:5,8,9        8
3235:5,8,9        7
3235:5,8,9        6
3235:5,8,9        5
3235:5,8,9        4
3235:5,8,9        3
3235:5,8,9        2
3235:5,8,9        1
3239:3,6,9        4
3239:3,6,9        3
3239:3,6,9        2
3239:3,6,9        1
3287:2,3,8        48
3287:2,3,8        47
3287:2,3,8        46
3287:2,3,8        45
3287:2,3,8        44
3287:2,3,8        43
3287:2,3,8        42
3287:2,3,8        41
3287:2,3,8        40
3287:2,3,8        39
3287:2,3,8        38
3287:2,3,8        37
3287:2,3,8        36
3287:2,3,8        35
3287:2,3,8        34
3287:2,3,8        33
3287:2,3,8        32
3287:2,3,8        31
3287:2,3,8        30
3287:2,3,8        29
3287:2,3,8        28
3287:2,3,8        27
3287:2,3,8        26
3287:2,3,8        25
3287:2,3,8        24
3287:2,3,8        23
3287:2,3,8        22
3287:2,3,8        21
3287:2,3,8        20
3287:2,3,8        19
3287:2,3,8        18
3287:2,3,8        17
3287:2,3,8        16
3287:2,3,8        15
3287:2,3,8        14
3287:2,3,8        13
3287:2,3,8        12
3287:2,3,8        11
3287:2,3,8        10
3287:2,3,8        9
3287:2,3,8        8
3287:2,3,8        7
3287:2,3,8        6
3287:2,3,8        5
3287:2,3,8        4
3287:2,3,8        3
3287:2,3,8        2
3287:2,3,8        1
3306:0,3,8        19
3306:0,3,8        18
3306:0,3,8        17
3306:0,3,8        16
3306:0,3,8        15
3306:0,3,8        14
3306:0,3,8        13
3306:0,3,8        12
3306:0,3,8        11
3306:0,3,8        10
3306:0,3,8        9
3306:0,3,8        8
3306:0,3,8        7
3306:0,3,8        6
3306:0,3,8        5
3306:0,3,8        4
3306:0,3,8        3
3306:0,3,8        2
3306:0,3,8        1
3318:0,2,3        12
3318:0,2,3        11
3318:0,2,3        10
3318:0,2,3        9
3318:0,2,3        8
3318:0,2,3        7
3318:0,2,3        6
3318:0,2,3        5
3318:0,2,3        4
3318:0,2,3        3
3318:0,2,3        2
3318:0,2,3        1
3356:1,5,8        38
3356:1,5,8        37
3356:1,5,8        36
3356:1,5,8        35
3356:1,5,8        34
3356:1,5,8        33
3356:1,5,8        32
3356:1,5,8        31
3356:1,5,8        30
3356:1,5,8        29
3356:1,5,8        28
3356:1,5,8        27
3356:1,5,8        26
3356:1,5,8        25
3356:1,5,8        24
3356:1,5,8        23
3356:1,5,8        22
3356:1,5,8        21
3356:1,5,8        20
3356:1,5,8        19
3356:1,5,8        18
3356:1,5,8        17
3356:1,5,8        16
3356:1,5,8        15
3356:1,5,8        14
3356:1,5,8        13
3356:1,5,8        12
3356:1,5,8        11
3356:1,5,8        10
3356:1,5,8        9
3356:1,5,8        8
3356:1,5,8        7
3356:1,5,8        6
3356:1,5,8        5
3356:1,5,8        4
3356:1,5,8        3
3356:1,5,8        2
3356:1,5,8        1
4020:0,2,8        23
4020:0,2,8        22
4020:0,2,8        21
4020:0,2,8        20
4020:0,2,8        19
4020:0,2,8        18
4020:0,2,8        17
4020:0,2,8        16
4020:0,2,8        15
4020:0,2,8        14
4020:0,2,8        13
4020:0,2,8        12
4020:0,2,8        11
4020:0,2,8        10
4020:0,2,8        9
4020:0,2,8        8
4020:0,2,8        7
4020:0,2,8        6
4020:0,2,8        5
4020:0,2,8        4
4020:0,2,8        3
4020:0,2,8        2
4020:0,2,8        1
4029:4,7,9        9
4029:4,7,9        8
4029:4,7,9        7
4029:4,7,9        6
4029:4,7,9        5
4029:4,7,9        4
4029:4,7,9        3
4029:4,7,9        2
4029:4,7,9        1
4077:3,6,9        48
4077:3,6,9        47
4077:3,6,9        46
4077:3,6,9        45
4077:3,6,9        44
4077:3,6,9        43
4077:3,6,9        42
4077:3,6,9        41
4077:3,6,9        40
4077:3,6,9        39
4077:3,6,9        38
4077:3,6,9        37
4077:3,6,9        36
4077:3,6,9        35
4077:3,6,9        34
4077:3,6,9        33
4077:3,6,9        32
4077:3,6,9        31
4077:3,6,9        30
4077:3,6,9        29
4077:3,6,9        28
4077:3,6,9        27
4077:3,6,9        26
4088:1,2,7        36
4088:1,2,7        35
4088:1,2,7        34
4088:1,2,7        33
4088:1,2,7        32
4088:1,2,7        31
4088:1,2,7        30
4088:1,2,7        29
4088:1,2,7        28
4088:1,2,7        27
4088:1,2,7        26
4088:1,2,7        25
4088:1,2,7        24
4088:1,2,7        23
4088:1,2,7        22
4088:1,2,7        21
4088:1,2,7        20
4088:1,2,7        19
4088:1,2,7        18
4088:1,2,7        17
4088:1,2,7        16
4088:1,2,7        15
4088:1,2,7        14
4088:1,2,7        13
4088:1,2,7        12
4088:1,2,7        11
4088:1,2,7        10
4088:1,2,7        9
4088:1,2,7        8
4088:1,2,7        7
4088:1,2,7        6
4088:1,2,7        5
4088:1,2,7        4
4088:1,2,7        3
4088:1,2,7        2
4088:1,2,7        1
4097:3,5,7        9
4097:3,5,7        8
4097:3,5,7        7
4097:3,5,7        6
4097:3,5,7        5
4097:3,5,7        4
4097:3,5,7        3
4097:3,5,7        2
4097:3,5,7        1
4207:1,5,9        110
4207:1,5,9        109
4207:1,5,9        108
4207:1,5,9        107
4207:1,5,9        106
4207:1,5,9        105
4207:1,5,9        104
4207:1,5,9        103
4207:1,5,9        102
4207:1,5,9        101
4207:1,5,9        100
4184:4,5,6        76
4184:4,5,6        75
4184:4,5,6        74
4184:4,5,6        73
4184:4,5,6        72
4184:4,5,6        71
4184:4,5,6        70
4184:4,5,6        69
4184:4,5,6        68
4184:4,5,6        67
4184:4,5,6        66
4184:4,5,6        65
4184:4,5,6        64
4184:4,5,6        63
4184:4,5,6        62
4184:4,5,6        61
4184:4,5,6        60
4184:4,5,6        59
4184:4,5,6        58
4184:4,5,6        57
4184:4,5,6        56
4184:4,5,6        55
4184:4,5,6        54
4184:4,5,6        53
4184:4,5,6        52
4184:4,5,6        51
4184:4,5,6        50
4184:4,5,6        49
4184:4,5,6        48
4184:4,5,6        47
4184:4,5,6        46
4184:4,5,6        45
4184:4,5,6        44
4184:4,5,6        43
4184:4,5,6        42
4184:4,5,6        41
4184:4,5,6        40
4168:5,8,9        23
4168:5,8,9        22
4168:5,8,9        21
4168:5,8,9        20
4168:5,8,9        19
4168:5,8,9        18
4168:5,8,9        17
4168:5,8,9        16
4168:5,8,9        15
4168:5,8,9        14
4168:5,8,9        13
4168:5,8,9        12
4168:5,8,9        11
4168:5,8,9        10
4168:5,8,9        9
4168:5,8,9        8
4168:5,8,9        7
4168:5,8,9        6
4168:5,8,9        5
4168:5,8,9        4
4168:5,8,9        3
4168:5,8,9        2
4168:5,8,9        1
4184:4,5,6        16
4184:4,5,6        15
4184:4,5,6        14
4184:4,5,6        13
4184:4,5,6        12
4184:4,5,6        11
4184:4,5,6        10
4184:4,5,6        9
4184:4,5,6        8
4184:4,5,6        7
4184:4,5,6        6
4184:4,5,6        5
4184:4,5,6        4
4184:4,5,6        3
4204:0,1,4        22
4204:0,1,4        21
4204:0,1,4        20
4204:0,1,4        19
4204:0,1,4        18
4204:0,1,4        17
4204:0,1,4        16
4204:0,1,4        15
4204:0,1,4        14
4204:0,1,4        13
4204:0,1,4        12
4204:0,1,4        11
4204:0,1,4        10
4204:0,1,4        9
4204:0,1,4        8
4204:0,1,4        7
4204:0,1,4        6
4204:0,1,4        5
4204:0,1,4        4
4204:0,1,4        3
4204:0,1,4        2
4204:0,1,4        1
4207:1,5,9        3
4207:1,5,9        2
4207:1,5,9        1
4209:1,4,9        2
4209:1,4,9        1
4227:3,6,9        18
4227:3,6,9        17
4227:3,6,9        16
4227:3,6,9        15
4227:3,6,9        14
4243:0,2,8        29
4243:0,2,8        28
4243:0,2,8        27
4243:0,2,8        26
4243:0,2,8        25
4243:0,2,8        24
4243:0,2,8        23
4243:0,2,8        22
4243:0,2,8        21
4243:0,2,8        20
4243:0,2,8        19
4243:0,2,8        18
4243:0,2,8        17
4243:0,2,8        16
4243:0,2,8        15
4243:0,2,8        14
4243:0,2,8        13
4243:0,2,8        12
4243:0,2,8        11
4243:0,2,8        10
4243:0,2,8        9
4243:0,2,8        8
4243:0,2,8        7
4243:0,2,8        6
4243:0,2,8        5
4243:0,2,8        4
4243:0,2,8        3
4243:0,2,8        2
4243:0,2,8        1
4252:4,7,9        9
4252:4,7,9        8
4252:4,7,9        7
4252:4,7,9        6
4252:4,7,9        5
4252:4,7,9        4
4252:4,7,9        3
4252:4,7,9        2
4252:4,7,9        1
5002:0,3,4        109
5007:1,3,9        113
5007:1,3,9        112
5007:1,3,9        111
5007:1,3,9        110
5007:1,3,9        109
5007:1,3,9        108
5007:1,3,9        107
5007:1,3,9        106
5007:1,3,9        105
5007:1,3,9        104
5007:1,3,9        103
5007:1,3,9        102
5007:1,3,9        101
5007:1,3,9        100
5007:1,3,9        99
5007:1,3,9        98
5007:1,3,9        97
5007:1,3,9        96
5007:1,3,9        95
5007:1,3,9        94
5007:1,3,9        93
5007:1,3,9        92
5007:1,3,9        91
5007:1,3,9        90
5007:1,3,9        89
5007:1,3,9        88
5007:1,3,9        87
4283:1,5,8        3
4283:1,5,8        2
4283:1,5,8        1
5007:1,3,9        83
5007:1,3,9        82
5007:1,3,9        81
5007:1,3,9        80
5007:1,3,9        79
5007:1,3,9        78
5007:1,3,9        77
5007:1,3,9        76
5007:1,3,9        75
5007:1,3,9        74
5007:1,3,9        73
5007:1,3,9        72
5007:1,3,9        71
5007:1,3,9        70
5007:1,3,9        69
5007:1,3,9        68
5007:1,3,9        67
5007:1,3,9        66
5007:1,3,9        65
5007:1,3,9        64
5007:1,3,9        63
5007:1,3,9        62
5007:1,3,9        61
5007:1,3,9        60
5007:1,3,9        59
5007:1,3,9        58
5007:1,3,9        57
5007:1,3,9        56
5007:1,3,9        55
5007:1,3,9        54
5007:1,3,9        53
5007:1,3,9        52
5007:1,3,9        51
5007:1,3,9        50
5007:1,3,9        49
5007:1,3,9        48
5007:1,3,9        47
5007:1,3,9        46
5007:1,3,9        45
5007:1,3,9        44
5007:1,3,9        43
5019:0,3,8        54
5019:0,3,8        53
5019:0,3,8        52
4353:1,5,9        26
4353:1,5,9        25
4353:1,5,9        24
4353:1,5,9        23
4353:1,5,9        22
4353:1,5,9        21
4353:1,5,9        20
4353:1,5,9        19
4353:1,5,9        18
4353:1,5,9        17
4353:1,5,9        16
4353:1,5,9        15
4353:1,5,9        14
4353:1,5,9        13
4353:1,5,9        12
4353:1,5,9        11
4353:1,5,9        10
4353:1,5,9        9
4353:1,5,9        8
4353:1,5,9        7
4353:1,5,9        6
4353:1,5,9        5
4353:1,5,9        4
4353:1,5,9        3
4353:1,5,9        2
4353:1,5,9        1
5019:0,3,8        25
5019:0,3,8        24
5019:0,3,8        23
5019:0,3,8        22
5019:0,3,8        21
5019:0,3,8        20
5019:0,3,8        19
5019:0,3,8        18
5019:0,3,8        17
5019:0,3,8        16
5017:0,2,8        13
5017:0,2,8        12
5017:0,2,8        11
5017:0,2,8        10
5017:0,2,8        9
5017:0,2,8        8
5017:0,2,8        7
5017:0,2,8        6
5017:0,2,8        5
5017:0,2,8        4
5017:0,2,8        3
5017:0,2,8        2
5017:0,2,8        1
5019:0,3,8        2
5019:0,3,8        1
5024:1,2,7        5
5024:1,2,7        4
5024:1,2,7        3
5024:1,2,7        2
5024:1,2,7        1
5025:5,8,9        1
5043:2,4,9        18
5043:2,4,9        17
5043:2,4,9        16
5043:2,4,9        15
5043:2,4,9        14
5043:2,4,9        13
5043:2,4,9        12
5043:2,4,9        11
5043:2,4,9        10
5043:2,4,9        9
5043:2,4,9        8
5043:2,4,9        7
5043:2,4,9        6
5043:2,4,9        5
5043:2,4,9        4
5043:2,4,9        3
5043:2,4,9        2
5043:2,4,9        1
5108:0,2,3        65
5108:0,2,3        64
5108:0,2,3        63
5108:0,2,3        62
5108:0,2,3        61
5108:0,2,3        60
5108:0,2,3        59
5108:0,2,3        58
5108:0,2,3        57
5108:0,2,3        56
5108:0,2,3        55
5108:0,2,3        54
5108:0,2,3        53
5108:0,2,3        52
5108:0,2,3        51
5108:0,2,3        50
5108:0,2,3        49
5108:0,2,3        48
5108:0,2,3        47
5108:0,2,3        46
5108:0,2,3        45
5108:0,2,3        44
5108:0,2,3        43
5108:0,2,3        42
5108:0,2,3        41
5108:0,2,3        40
5108:0,2,3        39
5108:0,2,3        38
5108:0,2,3        37
5108:0,2,3        36
5108:0,2,3        35
5108:0,2,3        34
5108:0,2,3        33
5108:0,2,3        32
5108:0,2,3        31
5108:0,2,3        30
5108:0,2,3        29
5108:0,2,3        28
5108:0,2,3        27
5108:0,2,3        26
5108:0,2,3        25
5108:0,2,3        24
5108:0,2,3        23
5108:0,2,3        22
5108:0,2,3        21
5108:0,2,3        20
5108:0,2,3        19
5108:0,2,3        18
5108:0,2,3        17
5108:0,2,3        16
5108:0,2,3        15
5108:0,2,3        14
5108:0,2,3        13
5108:0,2,3        12
5108:0,2,3        11
5108:0,2,3        10
5108:0,2,3        9
5108:0,2,3        8
5108:0,2,3        7
5108:0,2,3        6
5108:0,2,3        5
5108:0,2,3        4
5108:0,2,3        3
5108:0,2,3        2
5108:0,2,3        1
5110:1,5,8        2
5110:1,5,8        1
5129:3,5,7        19
5129:3,5,7        18
5129:3,5,7        17
5129:3,5,7        16
5129:3,5,7        15
5129:3,5,7        14
5129:3,5,7        13
5129:3,5,7        12
5129:3,5,7        11
5129:3,5,7        10
5129:3,5,7        9
5129:3,5,7        8
5129:3,5,7        7
5129:3,5,7        6
5129:3,5,7        5
5129:3,5,7        4
5129:3,5,7        3
5129:3,5,7        2
5129:3,5,7        1
5154:1,3,9        25
5154:1,3,9        24
5154:1,3,9        23
5154:1,3,9        22
5154:1,3,9        21
5154:1,3,9        20
5154:1,3,9        19
5154:1,3,9        18
5154:1,3,9        17
5154:1,3,9        16
5154:1,3,9        15
5154:1,3,9        14
5154:1,3,9        13
5154:1,3,9        12
5154:1,3,9        11
5154:1,3,9        10
5154:1,3,9        9
5154:1,3,9        8
5154:1,3,9        7
5154:1,3,9        6
5154:1,3,9        5
5154:1,3,9        4
5154:1,3,9        3
5154:1,3,9        2
5154:1,3,9        1
5155:4,7,9        1
5169:2,3,8        14
5169:2,3,8        13
5169:2,3,8        12
5169:2,3,8        11
5169:2,3,8        10
5169:2,3,8        9
5169:2,3,8        8
5169:2,3,8        7
5165:2,4,9        2
5165:2,4,9        1
5169:2,3,8        4
5169:2,3,8        3
5169:2,3,8        2
5169:2,3,8        1
5180:2,6,8        11
5180:2,6,8        10
5180:2,6,8        9
5180:2,6,8        8
5180:2,6,8        7
5180:2,6,8        6
5180:2,6,8        5
5180:2,6,8        4
5180:2,6,8        3
5196:4,5,6        18
5196:4,5,6        17
5196:4,5,6        16
5196:4,5,6        15
5196:4,5,6        14
5196:4,5,6        13
5196:4,5,6        12
5196:4,5,6        11
5196:4,5,6        10
5196:4,5,6        9
5206:5,8,9        18
5206:5,8,9        17
5206:5,8,9        16
5206:5,8,9        15
5206:5,8,9        14
5206:5,8,9        13
5206:5,8,9        12
5206:5,8,9        11
5206:5,8,9        10
5206:5,8,9        9
5206:5,8,9        8
5206:5,8,9        7
5206:5,8,9        6
5206:5,8,9        5
5206:5,8,9        4
5206:5,8,9        3
5206:5,8,9        2
5206:5,8,9        1
5216:1,5,9        10
5216:1,5,9        9
5216:1,5,9        8
5216:1,5,9        7
5216:1,5,9        6
5216:1,5,9        5
5216:1,5,9        4
5216:1,5,9        3
5216:1,5,9        2
5216:1,5,9        1
5255:0,1,4        39
5255:0,1,4        38
5255:0,1,4        37
5255:0,1,4        36
5255:0,1,4        35
5255:0,1,4        34
5255:0,1,4        33
5255:0,1,4        32
5255:0,1,4        31
5255:0,1,4        30
5255:0,1,4        29
5255:0,1,4        28
5255:0,1,4        27
5255:0,1,4        26
5255:0,1,4        25
5255:0,1,4        24
5255:0,1,4        23
5255:0,1,4        22
5255:0,1,4        21
5255:0,1,4        20
5255:0,1,4        19
5255:0,1,4        18
5255:0,1,4        17
5255:0,1,4        16
5255:0,1,4        15
5255:0,1,4        14
5255:0,1,4        13
5255:0,1,4        12
5255:0,1,4        11
5255:0,1,4        10
5255:0,1,4        9
5255:0,1,4        8
5255:0,1,4        7
5255:0,1,4        6
5255:0,1,4        5
5255:0,1,4        4
5255:0,1,4        3
5255:0,1,4        2
5255:0,1,4        1
5262:0,2,3        7
5262:0,2,3        6
5262:0,2,3        5
5262:0,2,3        4
5262:0,2,3        3
5262:0,2,3        2
5262:0,2,3        1
5263:1,6,7        1
5278:1,4,9        15
5278:1,4,9        14
5278:1,4,9        13
5278:1,4,9        12
5278:1,4,9        11
5278:1,4,9        10
5278:1,4,9        9
5278:1,4,9        8
5278:1,4,9        7
5278:1,4,9        6
5278:1,4,9        5
5278:1,4,9        4
5278:1,4,9        3
5278:1,4,9        2
5278:1,4,9        1
5282:1,2,7        4
5282:1,2,7        3
5282:1,2,7        2
5282:1,2,7        1
5289:0,2,8        7
5289:0,2,8        6
5289:0,2,8        5
5289:0,2,8        4
5289:0,2,8        3
5289:0,2,8        2
5289:0,2,8        1
5297:3,5,7        8
5297:3,5,7        7
5297:3,5,7        6
5297:3,5,7        5
5297:3,5,7        4
5297:3,5,7        3
5297:3,5,7        2
5297:3,5,7        1
5345:2,4,9        48
5345:2,4,9        47
5345:2,4,9        46
5345:2,4,9        45
5345:2,4,9        44
5345:2,4,9        43
5345:2,4,9        42
5345:2,4,9        41
5345:2,4,9        40
5345:2,4,9        39
5345:2,4,9        38
5345:2,4,9        37
5345:2,4,9        36
5345:2,4,9        35
5345:2,4,9        34
5345:2,4,9        33
5345:2,4,9        32
5345:2,4,9        31
5345:2,4,9        30
5345:2,4,9        29
5345:2,4,9        28
5345:2,4,9        27
5345:2,4,9        26
5345:2,4,9        25
5345:2,4,9        24
5345:2,4,9        23
5345:2,4,9        22
5345:2,4,9        21
5345:2,4,9        20
5345:2,4,9        19
5345:2,4,9        18
5345:2,4,9        17
5345:2,4,9        16
5345:2,4,9        15
5345:2,4,9        14
5345:2,4,9        13
5345:2,4,9        12
5345:2,4,9        11
5345:2,4,9        10
5345:2,4,9        9
5345:2,4,9        8
5345:2,4,9        7
5345:2,4,9        6
5345:2,4,9        5
5345:2,4,9        4
5345:2,4,9        3
5345:2,4,9        2
5345:2,4,9        1
5348:0,3,8        3
5348:0,3,8        2
5348:0,3,8        1
6019:4,7,9        29
6019:4,7,9        28
6019:4,7,9        27
6019:4,7,9        26
6019:4,7,9        25
6019:4,7,9        24
6019:4,7,9        23
6019:4,7,9        22
6019:4,7,9        21
6019:4,7,9        20
6019:4,7,9        19
6019:4,7,9        18
6019:4,7,9        17
6019:4,7,9        16
6019:4,7,9        15
6019:4,7,9        14
6019:4,7,9        13
6019:4,7,9        12
6019:4,7,9        11
6019:4,7,9        10
6019:4,7,9        9
6019:4,7,9        8
6019:4,7,9        7
6019:4,7,9        6
6019:4,7,9        5
6019:4,7,9        4
6019:4,7,9        3
6019:4,7,9        2
6019:4,7,9        1
6029:0,3,4        10
6029:0,3,4        9
6029:0,3,4        8
6029:0,3,4        7
6029:0,3,4        6
6029:0,3,4        5
6029:0,3,4        4
6029:0,3,4        3
6029:0,3,4        2
6029:0,3,4        1
6071:0,1,3        42
6071:0,1,3        41
6071:0,1,3        40
6071:0,1,3        39
6071:0,1,3        38
6071:0,1,3        37
6071:0,1,3        36
6071:0,1,3        35
6071:0,1,3        34
6071:0,1,3        33
6071:0,1,3        32
6071:0,1,3        31
6071:0,1,3        30
6071:0,1,3        29
6071:0,1,3        28
6071:0,1,3        27
6071:0,1,3        26
6071:0,1,3        25
6071:0,1,3        24
6071:0,1,3        23
6071:0,1,3        22
6071:0,1,3        21
6071:0,1,3        20
6071:0,1,3        19
6071:0,1,3        18
6071:0,1,3        17
6071:0,1,3        16
6071:0,1,3        15
6071:0,1,3        14
6071:0,1,3        13
6072:1,4,9        13
6072:1,4,9        12
6072:1,4,9        11
6072:1,4,9        10
6072:1,4,9        9
6072:1,4,9        8
6072:1,4,9        7
6072:1,4,9        6
6072:1,4,9        5
6072:1,4,9        4
6072:1,4,9        3
6072:1,4,9        2
6072:1,4,9        1
6098:0,2,3        26
6098:0,2,3        25
6098:0,2,3        24
6098:0,2,3        23
6098:0,2,3        22
6098:0,2,3        21
6098:0,2,3        20
6121:1,2,7        42
6121:1,2,7        41
6121:1,2,7        40
6121:1,2,7        39
6121:1,2,7        38
6121:1,2,7        37
6121:1,2,7        36
6121:1,2,7        35
6121:1,2,7        34
6121:1,2,7        33
6121:1,2,7        32
6121:1,2,7        31
6121:1,2,7        30
6121:1,2,7        29
6121:1,2,7        28
6121:1,2,7        27
6121:1,2,7        26
6121:1,2,7        25
6121:1,2,7        24
6121:1,2,7        23
6121:1,2,7        22
6121:1,2,7        21
6121:1,2,7        20
6121:1,2,7        19
6121:1,2,7        18
6121:1,2,7        17
6121:1,2,7        16
6121:1,2,7        15
6121:1,2,7        14
6121:1,2,7        13
6121:1,2,7        12
6121:1,2,7        11
6121:1,2,7        10
6121:1,2,7        9
6121:1,2,7        8
6121:1,2,7        7
6121:1,2,7        6
6121:1,2,7        5
6121:1,2,7        4
6121:1,2,7        3
6121:1,2,7        2
6121:1,2,7        1
6147:1,5,9        26
6147:1,5,9        25
6147:1,5,9        24
6147:1,5,9        23
6147:1,5,9        22
6147:1,5,9        21
6147:1,5,9        20
6147:1,5,9        19
6147:1,5,9        18
6147:1,5,9        17
6147:1,5,9        16
6147:1,5,9        15
6147:1,5,9        14
6147:1,5,9        13
6147:1,5,9        12
6147:1,5,9        11
6147:1,5,9        10
6147:1,5,9        9
6147:1,5,9        8
6147:1,5,9        7
6147:1,5,9        6
6147:1,5,9        5
6147:1,5,9        4
6147:1,5,9        3
6147:1,5,9        2
6147:1,5,9        1
6148:4,5,6        1
6149:2,6,8        1
6160:0,3,8        11
6160:0,3,8        10
6160:0,3,8        9
6160:0,3,8        8
6160:0,3,8        7
6160:0,3,8        6
6160:0,3,8        5
6160:0,3,8        4
6160:0,3,8        3
6160:0,3,8        2
6160:0,3,8        1
6163:3,6,8        3
6163:3,6,8        2
6163:3,6,8        1
6174:3,5,7        11
6174:3,5,7        10
6174:3,5,7        9
6174:3,5,7        8
6174:3,5,7        7
6174:3,5,7        6
6174:3,5,7        5
6174:3,5,7        4
6174:3,5,7        3
6174:3,5,7        2
6174:3,5,7        1
6217:5,7,9        43
6217:5,7,9        42
6217:5,7,9        41
6217:5,7,9        40
6217:5,7,9        39
6217:5,7,9        38
6191:5,8,9        11
6191:5,8,9        10
6191:5,8,9        9
6191:5,8,9        8
6191:5,8,9        7
6191:5,8,9        6
6191:5,8,9        5
6191:5,8,9        4
6191:5,8,9        3
6191:5,8,9        2
6191:5,8,9        1
6217:5,7,9        26
6217:5,7,9        25
6217:5,7,9        24
6217:5,7,9        23
6217:5,7,9        22
6217:5,7,9        21
6217:5,7,9        20
6217:5,7,9        19
6217:5,7,9        18
6204:0,2,8        4
6204:0,2,8        3
6204:0,2,8        2
6204:0,2,8        1
6217:5,7,9        13
6221:4,7,9        16
6221:4,7,9        15
6221:4,7,9        14
6221:4,7,9        13
6221:4,7,9        12
6221:4,7,9        11
6221:4,7,9        10
6221:4,7,9        9
6221:4,7,9        8
6221:4,7,9        7
6221:4,7,9        6
6221:4,7,9        5
6221:4,7,9        4
6221:4,7,9        3
6221:4,7,9        2
6221:4,7,9        1
6254:0,2,3        33
6254:0,2,3        32
6254:0,2,3        31
6254:0,2,3        30
6254:0,2,3        29
6254:0,2,3        28
6254:0,2,3        27
6254:0,2,3        26
6254:0,2,3        25
6254:0,2,3        24
6254:0,2,3        23
6254:0,2,3        22
6254:0,2,3        21
6254:0,2,3        20
6254:0,2,3        19
6254:0,2,3        18
6254:0,2,3        17
6254:0,2,3        16
6254:0,2,3        15
6254:0,2,3        14
6254:0,2,3        13
6254:0,2,3        12
6254:0,2,3        11
6254:0,2,3        10
6254:0,2,3        9
6254:0,2,3        8
6254:0,2,3        7
6254:0,2,3        6
6254:0,2,3        5
6254:0,2,3        4
6254:0,2,3        3
6254:0,2,3        2
6254:0,2,3        1
6258:1,5,8        4
6258:1,5,8        3
6258:1,5,8        2
6258:1,5,8        1
6271:2,4,9        13
6271:2,4,9        12
6271:2,4,9        11
6271:2,4,9        10
6271:2,4,9        9
6271:2,4,9        8
6271:2,4,9        7
6271:2,4,9        6
6271:2,4,9        5
6271:2,4,9        4
6271:2,4,9        3
6271:2,4,9        2
6271:2,4,9        1
6291:1,6,7        20
6291:1,6,7        19
6291:1,6,7        18
6291:1,6,7        17
6291:1,6,7        16
6291:1,6,7        15
6291:1,6,7        14
6291:1,6,7        13
6291:1,6,7        12
6291:1,6,7        11
6291:1,6,7        10
6291:1,6,7        9
6291:1,6,7        8
6291:1,6,7        7
6291:1,6,7        6
6291:1,6,7        5
6291:1,6,7        4
6296:1,5,9        8
6296:1,5,9        7
6296:1,5,9        6
6296:1,5,9        5
6296:1,5,9        4
6296:1,5,9        3
6296:1,5,9        2
6296:1,5,9        1
7011:1,3,9        72
7011:1,3,9        71
7011:1,3,9        70
7011:1,3,9        69
7011:1,3,9        68
7011:1,3,9        67
7011:1,3,9        66
7011:1,3,9        65
7011:1,3,9        64
7011:1,3,9        63
7011:1,3,9        62
7011:1,3,9        61
7011:1,3,9        60
7011:1,3,9        59
7011:1,3,9        58
7011:1,3,9        57
7011:1,3,9        56
7011:1,3,9        55
7011:1,3,9        54
7011:1,3,9        53
6354:2,3,8        38
6354:2,3,8        37
6354:2,3,8        36
6354:2,3,8        35
6354:2,3,8        34
6354:2,3,8        33
6354:2,3,8        32
6354:2,3,8        31
6350:0,2,8        26
6350:0,2,8        25
6350:0,2,8        24
6350:0,2,8        23
6350:0,2,8        22
6350:0,2,8        21
6350:0,2,8        20
6350:0,2,8        19
6350:0,2,8        18
6350:0,2,8        17
6350:0,2,8        16
6350:0,2,8        15
6350:0,2,8        14
6350:0,2,8        13
6350:0,2,8        12
6350:0,2,8        11
6350:0,2,8        10
6350:0,2,8        9
6350:0,2,8        8
6350:0,2,8        7
6350:0,2,8        6
6350:0,2,8        5
6350:0,2,8        4
6350:0,2,8        3
6350:0,2,8        2
6350:0,2,8        1
7011:1,3,9        18
7011:1,3,9        17
7011:1,3,9        16
7011:1,3,9        15
7011:1,3,9        14
7011:1,3,9        13
7011:1,3,9        12
7011:1,3,9        11
7011:1,3,9        10
7011:1,3,9        9
7011:1,3,9        8
7011:1,3,9        7
7011:1,3,9        6
7011:1,3,9        5
7011:1,3,9        4
7011:1,3,9        3
7011:1,3,9        2
7011:1,3,9        1
7039:1,2,7        28
7039:1,2,7        27
7039:1,2,7        26
7039:1,2,7        25
7039:1,2,7        24
7039:1,2,7        23
7039:1,2,7        22
7039:1,2,7        21
7039:1,2,7        20
7039:1,2,7        19
7039:1,2,7        18
7039:1,2,7        17
7039:1,2,7        16
7039:1,2,7        15
7039:1,2,7        14
7039:1,2,7        13
7039:1,2,7        12
7039:1,2,7        11
7039:1,2,7        10
7039:1,2,7        9
7039:1,2,7        8
7039:1,2,7        7
7039:1,2,7        6
7039:1,2,7        5
7039:1,2,7        4
7039:1,2,7        3
7039:1,2,7        2
7039:1,2,7        1
7072:1,4,9        33
7072:1,4,9        32
7072:1,4,9        31
7072:1,4,9        30
7072:1,4,9        29
7072:1,4,9        28
7072:1,4,9        27
7072:1,4,9        26
7072:1,4,9        25
7072:1,4,9        24
7072:1,4,9        23
7072:1,4,9        22
7072:1,4,9        21
7072:1,4,9        20
7072:1,4,9        19
7072:1,4,9        18
7072:1,4,9        17
7072:1,4,9        16
7072:1,4,9        15
7072:1,4,9        14
7072:1,4,9        13
7072:1,4,9        12
7072:1,4,9        11
7072:1,4,9        10
7072:1,4,9        9
7072:1,4,9        8
7072:1,4,9        7
7072:1,4,9        6
7072:1,4,9        5
7072:1,4,9        4
7072:1,4,9        3
7072:1,4,9        2
7072:1,4,9        1
7224:0,3,8        152
7089:5,8,9        16
7089:5,8,9        15
7089:5,8,9        14
7089:5,8,9        13
7089:5,8,9        12
7089:5,8,9        11
7089:5,8,9        10
7089:5,8,9        9
7089:5,8,9        8
7089:5,8,9        7
7089:5,8,9        6
7089:5,8,9        5
7089:5,8,9        4
7089:5,8,9        3
7089:5,8,9        2
7089:5,8,9        1
7224:0,3,8        135
7224:0,3,8        134
7224:0,3,8        133
7224:0,3,8        132
7224:0,3,8        131
7192:0,1,4        98
7192:0,1,4        97
7192:0,1,4        96
7192:0,1,4        95
7192:0,1,4        94
7192:0,1,4        93
7192:0,1,4        92
7192:0,1,4        91
7192:0,1,4        90
7192:0,1,4        89
7192:0,1,4        88
7192:0,1,4        87
7192:0,1,4        86
7192:0,1,4        85
7192:0,1,4        84
7192:0,1,4        83
7192:0,1,4        82
7192:0,1,4        81
7192:0,1,4        80
7192:0,1,4        79
7192:0,1,4        78
7192:0,1,4        77
7192:0,1,4        76
7192:0,1,4        75
7192:0,1,4        74
7192:0,1,4        73
7192:0,1,4        72
7192:0,1,4        71
7192:0,1,4        70
7192:0,1,4        69
7192:0,1,4        68
7192:0,1,4        67
7192:0,1,4        66
7192:0,1,4        65
7192:0,1,4        64
7192:0,1,4        63
7192:0,1,4        62
7144:1,3,9        13
7144:1,3,9        12
7144:1,3,9        11
7144:1,3,9        10
7144:1,3,9        9
7144:1,3,9        8
7144:1,3,9        7
7144:1,3,9        6
7144:1,3,9        5
7144:1,3,9        4
7144:1,3,9        3
7144:1,3,9        2
7144:1,3,9        1
7192:0,1,4        48
7192:0,1,4        47
7192:0,1,4        46
7192:0,1,4        45
7192:0,1,4        44
7192:0,1,4        43
7192:0,1,4        42
7192:0,1,4        41
7192:0,1,4        40
7192:0,1,4        39
7192:0,1,4        38
7192:0,1,4        37
7192:0,1,4        36
7192:0,1,4        35
7192:0,1,4        34
7192:0,1,4        33
7192:0,1,4        32
7192:0,1,4        31
7192:0,1,4        30
7192:0,1,4        29
7192:0,1,4        28
7192:0,1,4        27
7186:0,2,8        20
7186:0,2,8        19
7186:0,2,8        18
7186:0,2,8        17
7186:0,2,8        16
7186:0,2,8        15
7186:0,2,8        14
7186:0,2,8        13
7186:0,2,8        12
7186:0,2,8        11
7186:0,2,8        10
7186:0,2,8        9
7186:0,2,8        8
7186:0,2,8        7
7186:0,2,8        6
7186:0,2,8        5
7186:0,2,8        4
7186:0,2,8        3
7186:0,2,8        2
7186:0,2,8        1
7192:0,1,4        6
7192:0,1,4        5
7192:0,1,4        4
7192:0,1,4        3
7192:0,1,4        2
7192:0,1,4        1
7224:0,3,8        32
7224:0,3,8        31
7224:0,3,8        30
7224:0,3,8        29
7224:0,3,8        28
7224:0,3,8        27
7224:0,3,8        26
7224:0,3,8        25
7224:0,3,8        24
7224:0,3,8        23
7224:0,3,8        22
7224:0,3,8        21
7224:0,3,8        20
7224:0,3,8        19
7224:0,3,8        18
7224:0,3,8        17
7224:0,3,8        16
7224:0,3,8        15
7224:0,3,8        14
7224:0,3,8        13
7224:0,3,8        12
7224:0,3,8        11
7224:0,3,8        10
7224:0,3,8        9
7224:0,3,8        8
7224:0,3,8        7
7224:0,3,8        6
7224:0,3,8        5
7224:0,3,8        4
7224:0,3,8        3
7224:0,3,8        2
7224:0,3,8        1
7234:0,2,3        10
7234:0,2,3        9
7234:0,2,3        8
7234:0,2,3        7
7234:0,2,3        6
7234:0,2,3        5
7234:0,2,3        4
7234:0,2,3        3
7234:0,2,3        2
7234:0,2,3        1
7251:1,4,9        17
7251:1,4,9        16
7251:1,4,9        15
7251:1,4,9        14
7251:1,4,9        13
7251:1,4,9        12
7251:1,4,9        11
7251:1,4,9        10
7251:1,4,9        9
7251:1,4,9        8
7251:1,4,9        7
7251:1,4,9        6
7251:1,4,9        5
7251:1,4,9        4
7251:1,4,9        3
7251:1,4,9        2
7251:1,4,9        1
7263:1,2,7        12
7263:1,2,7        11
7263:1,2,7        10
7263:1,2,7        9
7263:1,2,7        8
7263:1,2,7        7
7263:1,2,7        6
7263:1,2,7        5
7263:1,2,7        4
7263:1,2,7        3
7263:1,2,7        2
7263:1,2,7        1
7285:0,1,3        22
7285:0,1,3        21
7285:0,1,3        20
7285:0,1,3        19
7285:0,1,3        18
7285:0,1,3        17
7285:0,1,3        16
7285:0,1,3        15
7285:0,1,3        14
7285:0,1,3        13
7285:0,1,3        12
7285:0,1,3        11
7285:0,1,3        10
7296:1,5,9        20
7296:1,5,9        19
7296:1,5,9        18
7296:1,5,9        17
7296:1,5,9        16
7296:1,5,9        15
7296:1,5,9        14
7296:1,5,9        13
7296:1,5,9        12
7296:1,5,9        11
7296:1,5,9        10
7296:1,5,9        9
7296:1,5,9        8
7296:1,5,9        7
7296:1,5,9        6
7296:1,5,9        5
7296:1,5,9        4
7296:1,5,9        3
7296:1,5,9        2
7296:1,5,9        1
7297:4,7,9        1
7316:0,3,4        19
7316:0,3,4        18
7316:0,3,4        17
7316:0,3,4        16
7316:0,3,4        15
7316:0,3,4        14
7316:0,3,4        13
7316:0,3,4        12
7316:0,3,4        11
8013:3,6,9        64
8013:3,6,9        63
8013:3,6,9        62
8013:3,6,9        61
8013:3,6,9        60
8013:3,6,9        59
8058:0,2,8        103
8058:0,2,8        102
8058:0,2,8        101
8058:0,2,8        100
8058:0,2,8        99
8058:0,2,8        98
8058:0,2,8        97
8058:0,2,8        96
8058:0,2,8        95
8058:0,2,8        94
8058:0,2,8        93
8058:0,2,8        92
8058:0,2,8        91
8058:0,2,8        90
8058:0,2,8        89
8058:0,2,8        88
8058:0,2,8        87
8058:0,2,8        86
8058:0,2,8        85
8058:0,2,8        84
8058:0,2,8        83
8058:0,2,8        82
8058:0,2,8        81
8058:0,2,8        80
8058:0,2,8        79
8058:0,2,8        78
8058:0,2,8        77
8058:0,2,8        76
8058:0,2,8        75
8058:0,2,8        74
8058:0,2,8        73
8058:0,2,8        72
8011:0,3,8        24
8011:0,3,8        23
8011:0,3,8        22
8011:0,3,8        21
8011:0,3,8        20
8011:0,3,8        19
8011:0,3,8        18
8011:0,3,8        17
8011:0,3,8        16
8011:0,3,8        15
8011:0,3,8        14
8011:0,3,8        13
8011:0,3,8        12
8011:0,3,8        11
8011:0,3,8        10
8011:0,3,8        9
8011:0,3,8        8
8011:0,3,8        7
8011:0,3,8        6
8011:0,3,8        5
8011:0,3,8        4
8011:0,3,8        3
8011:0,3,8        2
8011:0,3,8        1
8058:0,2,8        47
8058:0,2,8        46
8058:0,2,8        45
8058:0,2,8        44
8058:0,2,8        43
8058:0,2,8        42
8058:0,2,8        41
8058:0,2,8        40
8058:0,2,8        39
8058:0,2,8        38
8058:0,2,8        37
8058:0,2,8        36
8058:0,2,8        35
8058:0,2,8        34
8058:0,2,8        33
8057:1,2,7        31
8057:1,2,7        30
8057:1,2,7        29
8057:1,2,7        28
8057:1,2,7        27
8057:1,2,7        26
8057:1,2,7        25
8057:1,2,7        24
8057:1,2,7        23
8057:1,2,7        22
8057:1,2,7        21
8057:1,2,7        20
8057:1,2,7        19
8057:1,2,7        18
8057:1,2,7        17
8057:1,2,7        16
8057:1,2,7        15
8057:1,2,7        14
8057:1,2,7        13
8057:1,2,7        12
8057:1,2,7        11
8057:1,2,7        10
8057:1,2,7        9
8057:1,2,7        8
8057:1,2,7        7
8057:1,2,7        6
8057:1,2,7        5
8057:1,2,7        4
8057:1,2,7        3
8057:1,2,7        2
8057:1,2,7        1
8058:0,2,8        1
8078:0,1,4        20
8078:0,1,4        19
8078:0,1,4        18
8078:0,1,4        17
8078:0,1,4        16
8078:0,1,4        15
8078:0,1,4        14
8078:0,1,4        13
8078:0,1,4        12
8078:0,1,4        11
8078:0,1,4        10
8078:0,1,4        9
8078:0,1,4        8
8078:0,1,4        7
8078:0,1,4        6
8078:0,1,4        5
8078:0,1,4        4
8078:0,1,4        3
8078:0,1,4        2
8078:0,1,4        1
8090:1,5,9        12
8090:1,5,9        11
8090:1,5,9        10
8090:1,5,9        9
8090:1,5,9        8
8090:1,5,9        7
8090:1,5,9        6
8090:1,5,9        5
8090:1,5,9        4
8090:1,5,9        3
8090:1,5,9        2
8090:1,5,9        1
8156:5,8,9        66
8156:5,8,9        65
8156:5,8,9        64
8156:5,8,9        63
8156:5,8,9        62
8129:1,3,9        34
8129:1,3,9        33
8129:1,3,9        32
8129:1,3,9        31
8129:1,3,9        30
8129:1,3,9        29
8129:1,3,9        28
8129:1,3,9        27
8129:1,3,9        26
8129:1,3,9        25
8129:1,3,9        24
8129:1,3,9        23
8129:1,3,9        22
8129:1,3,9        21
8129:1,3,9        20
8129:1,3,9        19
8129:1,3,9        18
8129:1,3,9        17
8129:1,3,9        16
8129:1,3,9        15
8129:1,3,9        14
8129:1,3,9        13
8129:1,3,9        12
8129:1,3,9        11
8129:1,3,9        10
8129:1,3,9        9
8129:1,3,9        8
8129:1,3,9        7
8129:1,3,9        6
8129:1,3,9        5
8129:1,3,9        4
8129:1,3,9        3
8129:1,3,9        2
8129:1,3,9        1
8156:5,8,9        27
8156:5,8,9        26
8156:5,8,9        25
8156:5,8,9        24
8156:5,8,9        23
8156:5,8,9        22
8156:5,8,9        21
8156:5,8,9        20
8156:5,8,9        19
8156:5,8,9        18
8156:5,8,9        17
8156:5,8,9        16
8156:5,8,9        15
8156:5,8,9        14
8156:5,8,9        13
8156:5,8,9        12
8156:5,8,9        11
8156:5,8,9        10
8156:5,8,9        9
8156:5,8,9        8
8156:5,8,9        7
8156:5,8,9        6
8156:5,8,9        5
8156:5,8,9        4
8156:5,8,9        3
8156:5,8,9        2
8156:5,8,9        1
8193:0,1,3        37
8193:0,1,3        36
8193:0,1,3        35
8193:0,1,3        34
8193:0,1,3        33
8193:0,1,3        32
8193:0,1,3        31
8193:0,1,3        30
8172:1,4,9        8
8172:1,4,9        7
8172:1,4,9        6
8172:1,4,9        5
8172:1,4,9        4
8172:1,4,9        3
8172:1,4,9        2
8172:1,4,9        1
8193:0,1,3        21
8193:0,1,3        20
8193:0,1,3        19
8193:0,1,3        18
8193:0,1,3        17
8193:0,1,3        16
8193:0,1,3        15
8193:0,1,3        14
8193:0,1,3        13
8193:0,1,3        12
8193:0,1,3        11
8193:0,1,3        10
8193:0,1,3        9
8193:0,1,3        8
8193:0,1,3        7
8193:0,1,3        6
8193:0,1,3        5
8193:0,1,3        4
8193:0,1,3        3
8193:0,1,3        2
8193:0,1,3        1
8200:4,5,6        7
8200:4,5,6        6
8200:4,5,6        5
8200:4,5,6        4
8200:4,5,6        3
8200:4,5,6        2
8200:4,5,6        1
8250:3,6,9        50
8250:3,6,9        49
8250:3,6,9        48
8250:3,6,9        47
8250:3,6,9        46
8250:3,6,9        45
8250:3,6,9        44
8250:3,6,9        43
8250:3,6,9        42
8250:3,6,9        41
8272:1,5,8        62
8272:1,5,8        61
8272:1,5,8        60
8272:1,5,8        59
8272:1,5,8        58
8272:1,5,8        57
8272:1,5,8        56
8272:1,5,8        55
8272:1,5,8        54
8272:1,5,8        53
8272:1,5,8        52
8272:1,5,8        51
8272:1,5,8        50
8272:1,5,8        49
8272:1,5,8        48
8272:1,5,8        47
8272:1,5,8        46
8272:1,5,8        45
8272:1,5,8        44
8272:1,5,8        43
8272:1,5,8        42
8272:1,5,8        41
8272:1,5,8        40
8272:1,5,8        39
8272:1,5,8        38
8272:1,5,8        37
8272:1,5,8        36
8272:1,5,8        35
8272:1,5,8        34
8272:1,5,8        33
8272:1,5,8        32
8272:1,5,8        31
8272:1,5,8        30
8272:1,5,8        29
8272:1,5,8        28
8272:1,5,8        27
8272:1,5,8        26
8272:1,5,8        25
8272:1,5,8        24
8272:1,5,8        23
8272:1,5,8        22
8272:1,5,8        21
8272:1,5,8        20
8272:1,5,8        19
8272:1,5,8        18
8272:1,5,8        17
8272:1,5,8        16
8272:1,5,8        15
8272:1,5,8        14
8272:1,5,8        13
8272:1,5,8        12
8272:1,5,8        11
8272:1,5,8        10
8272:1,5,8        9
8272:1,5,8        8
8272:1,5,8        7
8272:1,5,8        6
8272:1,5,8        5
8272:1,5,8        4
8272:1,5,8        3
8272:1,5,8        2
8272:1,5,8        1
8299:0,1,4        27
8299:0,1,4        26
8299:0,1,4        25
8299:0,1,4        24
8299:0,1,4        23
8299:0,1,4        22
8299:0,1,4        21
8299:0,1,4        20
8299:0,1,4        19
8299:0,1,4        18
8299:0,1,4        17
8299:0,1,4        16
8299:0,1,4        15
8299:0,1,4        14
8299:0,1,4        13
8299:0,1,4        12
8299:0,1,4        11
8299:0,1,4        10
8299:0,1,4        9
8299:0,1,4        8
8299:0,1,4        7
8299:0,1,4        6
8299:0,1,4        5
8299:0,1,4        4
8299:0,1,4        3
8299:0,1,4        2
8299:0,1,4        1
8301:2,4,9        2
8301:2,4,9        1
8308:1,2,7        7
8308:1,2,7        6
8308:1,2,7        5
8308:1,2,7        4
8308:1,2,7        3
8308:1,2,7        2
8308:1,2,7        1
8337:1,5,9        29
8337:1,5,9        28
8337:1,5,9        27
8337:1,5,9        26
8337:1,5,9        25
8337:1,5,9        24
8337:1,5,9        23
8337:1,5,9        22
8337:1,5,9        21
8337:1,5,9        20
8337:1,5,9        19
8337:1,5,9        18
8337:1,5,9        17
8337:1,5,9        16
8337:1,5,9        15
8337:1,5,9        14
8337:1,5,9        13
8337:1,5,9        12
8337:1,5,9        11
8337:1,5,9        10
8337:1,5,9        9
8337:1,5,9        8
8337:1,5,9        7
8337:1,5,9        6
8337:1,5,9        5
8337:1,5,9        4
8337:1,5,9        3
8337:1,5,9        2
8337:1,5,9        1
8355:0,2,8        18
8355:0,2,8        17
8355:0,2,8        16
8355:0,2,8        15
8355:0,2,8        14
8355:0,2,8        13
8355:0,2,8        12
8355:0,2,8        11
8355:0,2,8        10
8355:0,2,8        9
8355:0,2,8        8
8355:0,2,8        7
8355:0,2,8        6
8355:0,2,8        5
8355:0,2,8        4
8355:0,2,8        3
8355:0,2,8        2
8355:0,2,8        1
9045:3,5,7        49
9045:3,5,7        48
9045:3,5,7        47
9045:3,5,7        46
9045:3,5,7        45
9045:3,5,7        44
9045:3,5,7        43
9045:3,5,7        42
9045:3,5,7        41
9045:3,5,7        40
9045:3,5,7        39
9045:3,5,7        38
9045:3,5,7        37
9045:3,5,7        36
9032:1,4,9        22
9032:1,4,9        21
9032:1,4,9        20
9032:1,4,9        19
9032:1,4,9        18
9032:1,4,9        17
9032:1,4,9        16
9032:1,4,9        15
9032:1,4,9        14
9032:1,4,9        13
9032:1,4,9        12
9032:1,4,9        11
9032:1,4,9        10
9032:1,4,9        9
9032:1,4,9        8
9032:1,4,9        7
9032:1,4,9        6
9032:1,4,9        5
9032:1,4,9        4
9032:1,4,9        3
9032:1,4,9        2
9032:1,4,9        1
9045:3,5,7        13
9045:3,5,7        12
9045:3,5,7        11
9045:3,5,7        10
9045:3,5,7        9
9045:3,5,7        8
9045:3,5,7        7
9045:3,5,7        6
9045:3,5,7        5
9045:3,5,7        4
9045:3,5,7        3
9045:3,5,7        2
9045:3,5,7        1
9053:4,5,6        8
9053:4,5,6        7
9053:4,5,6        6
9053:4,5,6        5
9053:4,5,6        4
9053:4,5,6        3
9053:4,5,6        2
9053:4,5,6        1
9107:5,8,9        54
9107:5,8,9        53
9107:5,8,9        52
9107:5,8,9        51
9107:5,8,9        50
9107:5,8,9        49
9107:5,8,9        48
9107:5,8,9        47
9107:5,8,9        46
9107:5,8,9        45
9107:5,8,9        44
9107:5,8,9        43
9107:5,8,9        42
9107:5,8,9        41
9107:5,8,9        40
9107:5,8,9        39
9107:5,8,9        38
9107:5,8,9        37
9107:5,8,9        36
9107:5,8,9        35
9107:5,8,9        34
9107:5,8,9        33
9091:1,5,8        16
9091:1,5,8        15
9091:1,5,8        14
9091:1,5,8        13
9091:1,5,8        12
9091:1,5,8        11
9091:1,5,8        10
9091:1,5,8        9
9091:1,5,8        8
9091:1,5,8        7
9091:1,5,8        6
9091:1,5,8        5
9091:1,5,8        4
9091:1,5,8        3
9091:1,5,8        2
9091:1,5,8        1
9107:5,8,9        16
9107:5,8,9        15
9107:5,8,9        14
9107:5,8,9        13
9107:5,8,9        12
9107:5,8,9        11
9107:5,8,9        10
9107:5,8,9        9
9107:5,8,9        8
9107:5,8,9        7
9107:5,8,9        6
9107:5,8,9        5
9107:5,8,9        4
9107:5,8,9        3
9107:5,8,9        2
9107:5,8,9        1
9128:4,7,9        21
9128:4,7,9        20
9128:4,7,9        19
9128:4,7,9        18
9128:4,7,9        17
9128:4,7,9        16
9128:4,7,9        15
9128:4,7,9        14
9128:4,7,9        13
9128:4,7,9        12
9128:4,7,9        11
9128:4,7,9        10
9128:4,7,9        9
9128:4,7,9        8
9128:4,7,9        7
9128:4,7,9        6
9128:4,7,9        5
9128:4,7,9        4
9128:4,7,9        3
9128:4,7,9        2
9128:4,7,9        1
9137:0,2,3        9
9137:0,2,3        8
9137:0,2,3        7
9137:0,2,3        6
9137:0,2,3        5
9137:0,2,3        4
9137:0,2,3        3
9137:0,2,3        2
9137:0,2,3        1
9158:1,3,9        21
9158:1,3,9        20
9158:1,3,9        19
9158:1,3,9        18
9158:1,3,9        17
9158:1,3,9        16
9158:1,3,9        15
9158:1,3,9        14
9158:1,3,9        13
9158:1,3,9        12
9158:1,3,9        11
9158:1,3,9        10
9158:1,3,9        9
9158:1,3,9        8
9158:1,3,9        7
9158:1,3,9        6
9158:1,3,9        5
9158:1,3,9        4
9158:1,3,9        3
9158:1,3,9        2
9158:1,3,9        1
9203:0,3,8        45
9203:0,3,8        44
9203:0,3,8        43
9203:0,3,8        42
9203:0,3,8        41
9203:0,3,8        40
9203:0,3,8        39
9203:0,3,8        38
9203:0,3,8        37
9203:0,3,8        36
9203:0,3,8        35
9203:0,3,8        34
9203:0,3,8        33
9203:0,3,8        32
9203:0,3,8        31
9203:0,3,8        30
9203:0,3,8        29
9203:0,3,8        28
9203:0,3,8        27
9203:0,3,8        26
9203:0,3,8        25
9203:0,3,8        24
9203:0,3,8        23
9203:0,3,8        22
9203:0,3,8        21
9203:0,3,8        20
9203:0,3,8        19
9203:0,3,8        18
9203:0,3,8        17
9203:0,3,8        16
9203:0,3,8        15
9203:0,3,8        14
9203:0,3,8        13
9203:0,3,8        12
9203:0,3,8        11
9203:0,3,8        10
9203:0,3,8        9
9203:0,3,8        8
9203:0,3,8        7
9203:0,3,8        6
9203:0,3,8        5
9203:0,3,8        4
9203:0,3,8        3
9203:0,3,8        2
9203:0,3,8        1
9231:1,2,7        28
9231:1,2,7        27
9231:1,2,7        26
9231:1,2,7        25
9231:1,2,7        24
9231:1,2,7        23
9231:1,2,7        22
9231:1,2,7        21
9231:1,2,7        20
9231:1,2,7        19
9231:1,2,7        18
9231:1,2,7        17
9231:1,2,7        16
9231:1,2,7        15
9231:1,2,7        14
9231:1,2,7        13
9231:1,2,7        12
9231:1,2,7        11
9231:1,2,7        10
9231:1,2,7        9
9231:1,2,7        8
9231:1,2,7        7
9231:1,2,7        6
9231:1,2,7        5
9296:1,5,9        69
9296:1,5,9        68
9296:1,5,9        67
9296:1,5,9        66
9296:1,5,9        65
9296:1,5,9        64
9296:1,5,9        63
9296:1,5,9        62
9296:1,5,9        61
9296:1,5,9        60
9296:1,5,9        59
9296:1,5,9        58
9296:1,5,9        57
9296:1,5,9        56
9296:1,5,9        55
9296:1,5,9        54
9296:1,5,9        53
9296:1,5,9        52
9296:1,5,9        51
9296:1,5,9        50
9296:1,5,9        49
9296:1,5,9        48
9296:1,5,9        47
9296:1,5,9        46
9296:1,5,9        45
9296:1,5,9        44
9296:1,5,9        43
9296:1,5,9        42
9296:1,5,9        41
9296:1,5,9        40
9296:1,5,9        39
9296:1,5,9        38
9296:1,5,9        37
9296:1,5,9        36
9296:1,5,9        35
9296:1,5,9        34
9296:1,5,9        33
9296:1,5,9        32
9296:1,5,9        31
9296:1,5,9        30
9296:1,5,9        29
9296:1,5,9        28
9296:1,5,9        27
9296:1,5,9        26
9296:1,5,9        25
9296:1,5,9        24
9296:1,5,9        23
9296:1,5,9        22
9296:1,5,9        21
9296:1,5,9        20
9296:1,5,9        19
9296:1,5,9        18
9296:1,5,9        17
9296:1,5,9        16
9296:1,5,9        15
9296:1,5,9        14
9296:1,5,9        13
9296:1,5,9        12
9296:1,5,9        11
9296:1,5,9        10
9296:1,5,9        9
9296:1,5,9        8
9296:1,5,9        7
9296:1,5,9        6
9296:1,5,9        5
9296:1,5,9        4
9296:1,5,9        3
9296:1,5,9        2
9296:1,5,9        1
9315:1,5,8        19
9315:1,5,8        18
9315:1,5,8        17
9315:1,5,8        16
9315:1,5,8        15
9315:1,5,8        14
9315:1,5,8        13
9315:1,5,8        12
9315:1,5,8        11
9315:1,5,8        10
9315:1,5,8        9
9315:1,5,8        8
9315:1,5,8        7
9315:1,5,8        6
9315:1,5,8        5
9315:1,5,8        4
9315:1,5,8        3
9315:1,5,8        2
9315:1,5,8        1
10038:0,1,4        81
10038:0,1,4        80
10038:0,1,4        79
10038:0,1,4        78
10038:0,1,4        77
10038:0,1,4        76
10038:0,1,4        75
10038:0,1,4        74
10038:0,1,4        73
10038:0,1,4        72
9353:0,3,8        28
9353:0,3,8        27
9353:0,3,8        26
9353:0,3,8        25
9353:0,3,8        24
9353:0,3,8        23
9353:0,3,8        22
9353:0,3,8        21
9353:0,3,8        20
9353:0,3,8        19
9353:0,3,8        18
9353:0,3,8        17
9353:0,3,8        16
9353:0,3,8        15
9353:0,3,8        14
9353:0,3,8        13
9353:0,3,8        12
9353:0,3,8        11
9353:0,3,8        10
9353:0,3,8        9
9353:0,3,8        8
9353:0,3,8        7
9353:0,3,8        6
9353:0,3,8        5
9353:0,3,8        4
9353:0,3,8        3
9353:0,3,8        2
9353:0,3,8        1
10038:0,1,4        43
10038:0,1,4        42
10038:0,1,4        41
10038:0,1,4        40
10038:0,1,4        39
10038:0,1,4        38
10038:0,1,4        37
10038:0,1,4        36
10038:0,1,4        35
10038:0,1,4        34
10038:0,1,4        33
10038:0,1,4        32
10038:0,1,4        31
10038:0,1,4        30
10038:0,1,4        29
10038:0,1,4        28
10038:0,1,4        27
10038:0,1,4        26
10038:0,1,4        25
10038:0,1,4        24
10038:0,1,4        23
10038:0,1,4        22
10038:0,1,4        21
10038:0,1,4        20
10038:0,1,4        19
10038:0,1,4        18
10038:0,1,4        17
10038:0,1,4        16
10038:0,1,4        15
10038:0,1,4        14
10038:0,1,4        13
10038:0,1,4        12
10038:0,1,4        11
10038:0,1,4        10
10038:0,1,4        9
10038:0,1,4        8
10038:0,1,4        7
10038:0,1,4        6
10038:0,1,4        5
10038:0,1,4        4
10038:0,1,4        3
10038:0,1,4        2
10038:0,1,4        1
10043:3,5,7        5
10043:3,5,7        4
10043:3,5,7        3
10043:3,5,7        2
10043:3,5,7        1
10058:0,2,3        15
10058:0,2,3        14
10058:0,2,3        13
10058:0,2,3        12
10058:0,2,3        11
10058:0,2,3        10
10058:0,2,3        9
10058:0,2,3        8
10058:0,2,3        7
10058:0,2,3        6
10058:0,2,3        5
10058:0,2,3        4
10058:0,2,3        3
10058:0,2,3        2
10058:0,2,3        1
10089:1,4,9        31
10089:1,4,9        30
10089:1,4,9        29
10089:1,4,9        28
10089:1,4,9        27
10089:1,4,9        26
10089:1,4,9        25
10089:1,4,9        24
10089:1,4,9        23
10089:1,4,9        22
10089:1,4,9        21
10089:1,4,9        20
10089:1,4,9        19
10089:1,4,9        18
10089:1,4,9        17
10089:1,4,9        16
10089:1,4,9        15
10089:1,4,9        14
10089:1,4,9        13
10089:1,4,9        12
10089:1,4,9        11
10089:1,4,9        10
10089:1,4,9        9
10089:1,4,9        8
10089:1,4,9        7
10089:1,4,9        6
10089:1,4,9        5
10089:1,4,9        4
10089:1,4,9        3
10089:1,4,9        2
10089:1,4,9        1
10091:1,3,9        2
10091:1,3,9        1
10111:1,5,8        20
10111:1,5,8        19
10111:1,5,8        18
10111:1,5,8        17
10111:1,5,8        16
10111:1,5,8        15
10111:1,5,8        14
10111:1,5,8        13
10111:1,5,8        12
10111:1,5,8        11
10111:1,5,8        10
10111:1,5,8        9
10111:1,5,8        8
10111:1,5,8        7
10111:1,5,8        6
10111:1,5,8        5
10111:1,5,8        4
10111:1,5,8        3
10111:1,5,8        2
10111:1,5,8        1
10128:0,2,8        17
10128:0,2,8        16
10128:0,2,8        15
10128:0,2,8        14
10128:0,2,8        13
10128:0,2,8        12
10128:0,2,8        11
10128:0,2,8        10
10128:0,2,8        9
10128:0,2,8        8
10128:0,2,8        7
10128:0,2,8        6
10128:0,2,8        5
10128:0,2,8        4
10128:0,2,8        3
10128:0,2,8        2
10128:0,2,8        1
10132:1,5,9        4
10132:1,5,9        3
10132:1,5,9        2
10132:1,5,9        1
10151:0,3,4        19
10151:0,3,4        18
10151:0,3,4        17
10151:0,3,4        16
10151:0,3,4        15
10151:0,3,4        14
10151:0,3,4        13
10151:0,3,4        12
10161:0,1,3        21
10161:0,1,3        20
10161:0,1,3        19
10161:0,1,3        18
10161:0,1,3        17
10161:0,1,3        16
10161:0,1,3        15
10161:0,1,3        14
10161:0,1,3        13
10161:0,1,3        12
10161:0,1,3        11
10161:0,1,3        10
10161:0,1,3        9
10161:0,1,3        8
10161:0,1,3        7
10161:0,1,3        6
10161:0,1,3        5
10161:0,1,3        4
10202:0,1,4        44
10202:0,1,4        43
10202:0,1,4        42
10202:0,1,4        41
10202:0,1,4        40
10202:0,1,4        39
10202:0,1,4        38
10202:0,1,4        37
10202:0,1,4        36
10202:0,1,4        35
10202:0,1,4        34
10202:0,1,4        33
10202:0,1,4        32
10202:0,1,4        31
10202:0,1,4        30
10202:0,1,4        29
10202:0,1,4        28
10202:0,1,4        27
10202:0,1,4        26
10202:0,1,4        25
10202:0,1,4        24
10202:0,1,4        23
10202:0,1,4        22
10202:0,1,4        21
10202:0,1,4        20
10202:0,1,4        19
10202:0,1,4        18
10202:0,1,4        17
10202:0,1,4        16
10202:0,1,4        15
10202:0,1,4        14
10202:0,1,4        13
10202:0,1,4        12
10202:0,1,4        11
10202:0,1,4        10
10202:0,1,4        9
10202:0,1,4        8
10202:0,1,4        7
10202:0,1,4        6
10202:0,1,4        5
10202:0,1,4        4
10202:0,1,4        3
10202:0,1,4        2
10202:0,1,4        1
10242:0,3,8        40
10242:0,3,8        39
10242:0,3,8        38
10242:0,3,8        37
10242:0,3,8        36
10242:0,3,8        35
10242:0,3,8        34
10242:0,3,8        33
10242:0,3,8        32
10242:0,3,8        31
10242:0,3,8        30
10242:0,3,8        29
10242:0,3,8        28
10242:0,3,8        27
10242:0,3,8        26
10242:0,3,8        25
10242:0,3,8        24
10242:0,3,8        23
10242:0,3,8        22
10242:0,3,8        21
10242:0,3,8        20
10242:0,3,8        19
10242:0,3,8        18
10242:0,3,8        17
10242:0,3,8        16
10242:0,3,8        15
10242:0,3,8        14
10242:0,3,8        13
10242:0,3,8        12
10242:0,3,8        11
10242:0,3,8        10
10242:0,3,8        9
10242:0,3,8        8
10242:0,3,8        7
10242:0,3,8        6
10242:0,3,8        5
10242:0,3,8        4
10242:0,3,8        3
10242:0,3,8        2
10242:0,3,8        1
10255:1,4,9        13
10255:1,4,9        12
10255:1,4,9        11
10255:1,4,9        10
10255:1,4,9        9
10255:1,4,9        8
10255:1,4,9        7
10255:1,4,9        6
10255:1,4,9        5
10255:1,4,9        4
10255:1,4,9        3
10255:1,4,9        2
10255:1,4,9        1
10273:1,5,8        18
10273:1,5,8        17
10273:1,5,8        16
10273:1,5,8        15
10273:1,5,8        14
10273:1,5,8        13
10273:1,5,8        12
10273:1,5,8        11
10273:1,5,8        10
10273:1,5,8        9
10273:1,5,8        8
10273:1,5,8        7
10273:1,5,8        6
10273:1,5,8        5
10273:1,5,8        4
10273:1,5,8        3
10273:1,5,8        2
10273:1,5,8        1
10278:1,2,7        5
10278:1,2,7        4
10278:1,2,7        3
10278:1,2,7        2
10278:1,2,7        1
10314:3,5,7        36
10314:3,5,7        35
10314:3,5,7        34
10314:3,5,7        33
10314:3,5,7        32
10314:3,5,7        31
10314:3,5,7        30
10314:3,5,7        29
10314:3,5,7        28
10314:3,5,7        27
10314:3,5,7        26
10314:3,5,7        25
10314:3,5,7        24
10314:3,5,7        23
10314:3,5,7        22
10314:3,5,7        21
10314:3,5,7        20
10314:3,5,7        19
10314:3,5,7        18
10314:3,5,7        17
10314:3,5,7        16
10314:3,5,7        15
10314:3,5,7        14
10314:3,5,7        13
10314:3,5,7        12
10314:3,5,7        11
10314:3,5,7        10
10314:3,5,7        9
10314:3,5,7        8
10314:3,5,7        7
10314:3,5,7        6
10314:3,5,7        5
10314:3,5,7        4
10314:3,5,7        3
10314:3,5,7        2
10314:3,5,7        1
10338:3,6,9        24
10338:3,6,9        23
10338:3,6,9        22
10338:3,6,9        21
10338:3,6,9        20
10338:3,6,9        19
10338:3,6,9        18
10338:3,6,9        17
10338:3,6,9        16
10338:3,6,9        15
10338:3,6,9        14
10338:3,6,9        13
10338:3,6,9        12
10338:3,6,9        11
10338:3,6,9        10
10338:3,6,9        9
10338:3,6,9        8
10338:3,6,9        7
10338:3,6,9        6
10338:3,6,9        5
10338:3,6,9        4
10338:3,6,9        3
10338:3,6,9        2
10338:3,6,9        1
11025:4,5,6        45
11025:4,5,6        44
11025:4,5,6        43
11025:4,5,6        42
11025:4,5,6        41
11025:4,5,6        40
11025:4,5,6        39
11025:4,5,6        38
11025:4,5,6        37
11025:4,5,6        36
11025:4,5,6        35
11025:4,5,6        34
11025:4,5,6        33
11025:4,5,6        32
11025:4,5,6        31
11025:4,5,6        30
11025:4,5,6        29
11025:4,5,6        28
11025:4,5,6        27
11025:4,5,6        26
11025:4,5,6        25
11025:4,5,6        24
11025:4,5,6        23
11025:4,5,6        22
11025:4,5,6        21
11025:4,5,6        20
11025:4,5,6        19
11025:4,5,6        18
11025:4,5,6        17
11025:4,5,6        16
11025:4,5,6        15
11025:4,5,6        14
11025:4,5,6        13
11025:4,5,6        12
11025:4,5,6        11
11025:4,5,6        10
11025:4,5,6        9
11025:4,5,6        8
11025:4,5,6        7
11025:4,5,6        6
11025:4,5,6        5
11025:4,5,6        4
11025:4,5,6        3
11025:4,5,6        2
11025:4,5,6        1
11026:1,5,9        1
11030:0,1,3        4
11030:0,1,3        3
11030:0,1,3        2
11030:0,1,3        1
11040:5,8,9        10
11040:5,8,9        9
11040:5,8,9        8
11040:5,8,9        7
11040:5,8,9        6
11040:5,8,9        5
11040:5,8,9        4
11040:5,8,9        3
11040:5,8,9        2
11040:5,8,9        1
11054:1,5,8        14
11054:1,5,8        13
11054:1,5,8        12
11054:1,5,8        11
11054:1,5,8        10
11054:1,5,8        9
11054:1,5,8        8
11054:1,5,8        7
11054:1,5,8        6
11054:1,5,8        5
11054:1,5,8        4
11054:1,5,8        3
11054:1,5,8        2
11054:1,5,8        1
11073:1,2,7        19
11073:1,2,7        18
11073:1,2,7        17
11073:1,2,7        16
11073:1,2,7        15
11073:1,2,7        14
11073:1,2,7        13
11073:1,2,7        12
11073:1,2,7        11
11073:1,2,7        10
11073:1,2,7        9
11073:1,2,7        8
11073:1,2,7        7
11073:1,2,7        6
11073:1,2,7        5
11073:1,2,7        4
11073:1,2,7        3
11073:1,2,7        2
11073:1,2,7        1
11097:2,4,9        24
11097:2,4,9        23
11097:2,4,9        22
11097:2,4,9        21
11097:2,4,9        20
11097:2,4,9        19
11097:2,4,9        18
11097:2,4,9        17
11097:2,4,9        16
11097:2,4,9        15
11097:2,4,9        14
11097:2,4,9        13
11097:2,4,9        12
11097:2,4,9        11
11097:2,4,9        10
11097:2,4,9        9
11097:2,4,9        8
11097:2,4,9        7
11097:2,4,9        6
11097:2,4,9        5
11097:2,4,9        4
11097:2,4,9        3
11097:2,4,9        2
11097:2,4,9        1
11119:0,3,8        22
11119:0,3,8        21
11119:0,3,8        20
11119:0,3,8        19
11119:0,3,8        18
11119:0,3,8        17
11119:0,3,8        16
11119:0,3,8        15
11119:0,3,8        14
11119:0,3,8        13
11119:0,3,8        12
11119:0,3,8        11
11119:0,3,8        10
11119:0,3,8        9
11119:0,3,8        8
11119:0,3,8        7
11119:0,3,8        6
11119:0,3,8        5
11119:0,3,8        4
11119:0,3,8        3
11119:0,3,8        2
11119:0,3,8        1
11187:1,3,9        68
11187:1,3,9        67
11187:1,3,9        66
11187:1,3,9        65
11187:1,3,9        64
11187:1,3,9        63
11187:1,3,9        62
11187:1,3,9        61
11187:1,3,9        60
11187:1,3,9        59
11187:1,3,9        58
11187:1,3,9        57
11187:1,3,9        56
11187:1,3,9        55
11187:1,3,9        54
11187:1,3,9        53
11187:1,3,9        52
11187:1,3,9        51
11187:1,3,9        50
11187:1,3,9        49
11187:1,3,9        48
11187:1,3,9        47
11187:1,3,9        46
11187:1,3,9        45
11187:1,3,9        44
11187:1,3,9        43
11187:1,3,9        42
11187:1,3,9        41
11187:1,3,9        40
11187:1,3,9        39
11187:1,3,9        38
11187:1,3,9        37
11187:1,3,9        36
11187:1,3,9        35
11187:1,3,9        34
11187:1,3,9        33
11187:1,3,9        32
11187:1,3,9        31
11187:1,3,9        30
11187:1,3,9        29
11187:1,3,9        28
11187:1,3,9        27
11187:1,3,9        26
11187:1,3,9        25
11187:1,3,9        24
11187:1,3,9        23
11187:1,3,9        22
11187:1,3,9        21
11187:1,3,9        20
11187:1,3,9        19
11187:1,3,9        18
11187:1,3,9        17
11187:1,3,9        16
11187:1,3,9        15
11187:1,3,9        14
11187:1,3,9        13
11187:1,3,9        12
11187:1,3,9        11
11187:1,3,9        10
11187:1,3,9        9
11187:1,3,9        8
11187:1,3,9        7
11187:1,3,9        6
11187:1,3,9        5
11187:1,3,9        4
11187:1,3,9        3
11187:1,3,9        2
11187:1,3,9        1
11188:0,3,4        1
11229:1,6,7        41
11229:1,6,7        40
11229:1,6,7        39
11229:1,6,7        38
11229:1,6,7        37
11229:1,6,7        36
11229:1,6,7        35
11229:1,6,7        34
11229:1,6,7        33
11229:1,6,7        32
11229:1,6,7        31
11229:1,6,7        30
11229:1,6,7        29
11229:1,6,7        28
11229:1,6,7        27
11229:1,6,7        26
11229:1,6,7        25
11229:1,6,7        24
11229:1,6,7        23
11229:1,6,7        22
11229:1,6,7        21
11229:1,6,7        20
11229:1,6,7        19
11229:1,6,7        18
11229:1,6,7        17
11230:3,6,9        17
11230:3,6,9        16
11230:3,6,9        15
11230:3,6,9        14
11230:3,6,9        13
11230:3,6,9        12
11230:3,6,9        11
11230:3,6,9        10
11230:3,6,9        9
11230:3,6,9        8
11230:3,6,9        7
11230:3,6,9        6
11230:3,6,9        5
11230:3,6,9        4
11230:3,6,9        3
11230:3,6,9        2
11230:3,6,9        1
11238:0,1,3        8
11238:0,1,3        7
11238:0,1,3        6
11254:4,7,9        21
11254:4,7,9        20
11254:4,7,9        19
11254:4,7,9        18
11254:4,7,9        17
11254:4,7,9        16
11254:4,7,9        15
11254:4,7,9        14
11254:4,7,9        13
11254:4,7,9        12
11254:4,7,9        11
11254:4,7,9        10
11254:4,7,9        9
11254:4,7,9        8
11254:4,7,9        7
11254:4,7,9        6
11254:4,7,9        5
11254:4,7,9        4
11254:4,7,9        3
11254:4,7,9        2
11254:4,7,9        1
11287:2,4,9        33
11287:2,4,9        32
11287:2,4,9        31
11287:2,4,9        30
11287:2,4,9        29
11287:2,4,9        28
11287:2,4,9        27
12031:1,5,9        128
12031:1,5,9        127
12031:1,5,9        126
12031:1,5,9        125
12031:1,5,9        124
12031:1,5,9        123
12031:1,5,9        122
12031:1,5,9        121
12031:1,5,9        120
12031:1,5,9        119
12031:1,5,9        118
12031:1,5,9        117
12031:1,5,9        116
12031:1,5,9        115
12031:1,5,9        114
12031:1,5,9        113
12031:1,5,9        112
12031:1,5,9        111
12031:1,5,9        110
12031:1,5,9        109
12031:1,5,9        108
12031:1,5,9        107
12031:1,5,9        106
12031:1,5,9        105
12031:1,5,9        104
12031:1,5,9        103
12031:1,5,9        102
12031:1,5,9        101
12031:1,5,9        100
12031:1,5,9        99
12031:1,5,9        98
12031:1,5,9        97
12031:1,5,9        96
12031:1,5,9        95
12031:1,5,9        94
12031:1,5,9        93
12031:1,5,9        92
12031:1,5,9        91
12031:1,5,9        90
12031:1,5,9        89
12031:1,5,9        88
12031:1,5,9        87
12031:1,5,9        86
12031:1,5,9        85
12031:1,5,9        84
12031:1,5,9        83
12031:1,5,9        82
12031:1,5,9        81
12031:1,5,9        80
12031:1,5,9        79
12031:1,5,9        78
12031:1,5,9        77
12031:1,5,9        76
12031:1,5,9        75
12031:1,5,9        74
12031:1,5,9        73
12031:1,5,9        72
11352:5,8,9        34
11352:5,8,9        33
11352:5,8,9        32
11352:5,8,9        31
11352:5,8,9        30
11352:5,8,9        29
11352:5,8,9        28
11352:5,8,9        27
11352:5,8,9        26
11352:5,8,9        25
11352:5,8,9        24
11352:5,8,9        23
11352:5,8,9        22
11352:5,8,9        21
11352:5,8,9        20
11352:5,8,9        19
11352:5,8,9        18
11352:5,8,9        17
11352:5,8,9        16
11352:5,8,9        15
11352:5,8,9        14
11352:5,8,9        13
11352:5,8,9        12
11352:5,8,9        11
11352:5,8,9        10
11352:5,8,9        9
11352:5,8,9        8
11352:5,8,9        7
11352:5,8,9        6
11352:5,8,9        5
12031:1,5,9        41
12031:1,5,9        40
12031:1,5,9        39
12031:1,5,9        38
12031:1,5,9        37
12031:1,5,9        36
12031:1,5,9        35
12031:1,5,9        34
12031:1,5,9        33
12031:1,5,9        32
12031:1,5,9        31
12031:1,5,9        30
12031:1,5,9        29
12031:1,5,9        28
12031:1,5,9        27
12031:1,5,9        26
12031:1,5,9        25
12031:1,5,9        24
12031:1,5,9        23
12031:1,5,9        22
12031:1,5,9        21
12031:1,5,9        20
12031:1,5,9        19
12031:1,5,9        18
12031:1,5,9        17
12031:1,5,9        16
12031:1,5,9        15
12031:1,5,9        14
12031:1,5,9        13
12031:1,5,9        12
12031:1,5,9        11
12031:1,5,9        10
12031:1,5,9        9
12031:1,5,9        8
12031:1,5,9        7
12031:1,5,9        6
12031:1,5,9        5
12031:1,5,9        4
12031:1,5,9        3
12031:1,5,9        2
12031:1,5,9        1
12055:1,2,7        24
12055:1,2,7        23
12055:1,2,7        22
12055:1,2,7        21
12055:1,2,7        20
12055:1,2,7        19
12055:1,2,7        18
12055:1,2,7        17
12055:1,2,7        16
12055:1,2,7        15
12055:1,2,7        14
12055:1,2,7        13
12055:1,2,7        12
12075:3,5,7        31
12075:3,5,7        30
12075:3,5,7        29
12075:3,5,7        28
12075:3,5,7        27
12075:3,5,7        26
12075:3,5,7        25
12075:3,5,7        24
12075:3,5,7        23
12075:3,5,7        22
12075:3,5,7        21
12075:3,5,7        20
12075:3,5,7        19
12075:3,5,7        18
12075:3,5,7        17
12075:3,5,7        16
12075:3,5,7        15
12075:3,5,7        14
12075:3,5,7        13
12075:3,5,7        12
12075:3,5,7        11
12075:3,5,7        10
12075:3,5,7        9
12075:3,5,7        8
12075:3,5,7        7
12075:3,5,7        6
12075:3,5,7        5
12075:3,5,7        4
12075:3,5,7        3
12075:3,5,7        2
12075:3,5,7        1
12118:1,5,8        43
12118:1,5,8        42
12118:1,5,8        41
12118:1,5,8        40
12118:1,5,8        39
12118:1,5,8        38
12118:1,5,8        37
12118:1,5,8        36
12118:1,5,8        35
12118:1,5,8        34
12118:1,5,8        33
12118:1,5,8        32
12118:1,5,8        31
12118:1,5,8        30
12118:1,5,8        29
12118:1,5,8        28
12118:1,5,8        27
12118:1,5,8        26
12118:1,5,8        25
12118:1,5,8        24
12118:1,5,8        23
12118:1,5,8        22
12118:1,5,8        21
12118:1,5,8        20
12118:1,5,8        19
12118:1,5,8        18
12118:1,5,8        17
12118:1,5,8        16
12118:1,5,8        15
12118:1,5,8        14
12118:1,5,8        13
12118:1,5,8        12
12118:1,5,8        11
12118:1,5,8        10
12118:1,5,8        9
12118:1,5,8        8
12118:1,5,8        7
12118:1,5,8        6
12118:1,5,8        5
12118:1,5,8        4
12118:1,5,8        3
12118:1,5,8        2
12118:1,5,8        1
12127:5,8,9        9
12127:5,8,9        8
12127:5,8,9        7
12127:5,8,9        6
12127:5,8,9        5
12127:5,8,9        4
12127:5,8,9        3
12127:5,8,9        2
12127:5,8,9        1
12151:0,1,4        24
12151:0,1,4        23
12151:0,1,4        22
12151:0,1,4        21
12151:0,1,4        20
12151:0,1,4        19
12151:0,1,4        18
12151:0,1,4        17
12151:0,1,4        16
12151:0,1,4        15
12151:0,1,4        14
12151:0,1,4        13
12151:0,1,4        12
12151:0,1,4        11
12151:0,1,4        10
12151:0,1,4        9
12151:0,1,4        8
12151:0,1,4        7
12151:0,1,4        6
12151:0,1,4        5
12151:0,1,4        4
12151:0,1,4        3
12151:0,1,4        2
12151:0,1,4        1
12152:0,2,8        1
12189:0,3,8        37
12189:0,3,8        36
12189:0,3,8        35
12189:0,3,8        34
12189:0,3,8        33
12189:0,3,8        32
12189:0,3,8        31
12189:0,3,8        30
12189:0,3,8        29
12189:0,3,8        28
12189:0,3,8        27
12189:0,3,8        26
12189:0,3,8        25
12189:0,3,8        24
12189:0,3,8        23
12189:0,3,8        22
12189:0,3,8        21
12189:0,3,8        20
12189:0,3,8        19
12189:0,3,8        18
12189:0,3,8        17
12189:0,3,8        16
12189:0,3,8        15
12178:1,2,7        3
12178:1,2,7        2
12178:1,2,7        1
12189:0,3,8        11
12189:0,3,8        10
12189:0,3,8        9
12189:0,3,8        8
12189:0,3,8        7
12189:0,3,8        6
12189:0,3,8        5
12189:0,3,8        4
12189:0,3,8        3
12189:0,3,8        2
12189:0,3,8        1
12229:1,4,9        40
12229:1,4,9        39
12229:1,4,9        38
12229:1,4,9        37
12229:1,4,9        36
12229:1,4,9        35
12229:1,4,9        34
12229:1,4,9        33
12229:1,4,9        32
12229:1,4,9        31
12229:1,4,9        30
12229:1,4,9        29
12229:1,4,9        28
12229:1,4,9        27
12229:1,4,9        26
12229:1,4,9        25
12229:1,4,9        24
12229:1,4,9        23
12229:1,4,9        22
12229:1,4,9        21
12229:1,4,9        20
12229:1,4,9        19
12229:1,4,9        18
12229:1,4,9        17
12229:1,4,9        16
12229:1,4,9        15
12229:1,4,9        14
12229:1,4,9        13
12229:1,4,9        12
12229:1,4,9        11
12229:1,4,9        10
12229:1,4,9        9
12229:1,4,9        8
12229:1,4,9        7
12229:1,4,9        6
12229:1,4,9        5
12229:1,4,9        4
12229:1,4,9        3
12229:1,4,9        2
12229:1,4,9        1
12245:4,7,9        16
12245:4,7,9        15
12245:4,7,9        14
12245:4,7,9        13
12245:4,7,9        12
12245:4,7,9        11
12245:4,7,9        10
12245:4,7,9        9
12245:4,7,9        8
12245:4,7,9        7
12245:4,7,9        6
12245:4,7,9        5
12245:4,7,9        4
12245:4,7,9        3
12245:4,7,9        2
12245:4,7,9        1
12250:0,2,3        5
12250:0,2,3        4
12250:0,2,3        3
12250:0,2,3        2
12250:0,2,3        1
12251:1,5,9        1
12258:1,3,9        7
12258:1,3,9        6
12258:1,3,9        5
12258:1,3,9        4
12258:1,3,9        3
12258:1,3,9        2
12258:1,3,9        1
12259:0,3,4        1
12339:2,4,9        80
12339:2,4,9        79
12339:2,4,9        78
12339:2,4,9        77
12339:2,4,9        76
12339:2,4,9        75
12339:2,4,9        74
12339:2,4,9        73
12339:2,4,9        72
12339:2,4,9        71
12295:0,1,3        26
12295:0,1,3        25
12295:0,1,3        24
12339:2,4,9        67
12339:2,4,9        66
12339:2,4,9        65
12339:2,4,9        64
12339:2,4,9        63
12339:2,4,9        62
12339:2,4,9        61
12339:2,4,9        60
12339:2,4,9        59
12339:2,4,9        58
12339:2,4,9        57
12339:2,4,9        56
12339:2,4,9        55
12339:2,4,9        54
12339:2,4,9        53
12339:2,4,9        52
12339:2,4,9        51
12339:2,4,9        50
12339:2,4,9        49
12339:2,4,9        48
12339:2,4,9        47
12339:2,4,9        46
12339:2,4,9        45
12339:2,4,9        44
12339:2,4,9        43
12339:2,4,9        42
12339:2,4,9        41
12339:2,4,9        40
12339:2,4,9        39
12339:2,4,9        38
12339:2,4,9        37
12339:2,4,9        36
12339:2,4,9        35
12339:2,4,9        34
12339:2,4,9        33
12339:2,4,9        32
12339:2,4,9        31
12339:2,4,9        30
12339:2,4,9        29
12339:2,4,9        28
12339:2,4,9        27
12339:2,4,9        26
12339:2,4,9        25
12339:2,4,9        24
12339:2,4,9        23
12339:2,4,9        22
12339:2,4,9        21
12339:2,4,9        20
12339:2,4,9        19
12348:1,5,8        27
12348:1,5,8        26
12348:1,5,8        25
12348:1,5,8        24
12348:1,5,8        23
12348:1,5,8        22
12348:1,5,8        21
12348:1,5,8        20
12348:1,5,8        19
12348:1,5,8        18
12348:1,5,8        17
12348:1,5,8        16
12348:1,5,8        15
12348:1,5,8        14
12348:1,5,8        13
12348:1,5,8        12
12348:1,5,8        11
12348:1,5,8        10
12348:1,5,8        9
12348:1,5,8        8
12348:1,5,8        7
12348:1,5,8        6
12348:1,5,8        5
12348:1,5,8        4
12348:1,5,8        3
12348:1,5,8        2
12348:1,5,8        1
12356:4,5,6        8
12356:4,5,6        7
12356:4,5,6        6
12356:4,5,6        5
12356:4,5,6        4
12356:4,5,6        3
12356:4,5,6        2
12356:4,5,6        1
13016:0,3,8        19
13016:0,3,8        18
13016:0,3,8        17
13016:0,3,8        16
13016:0,3,8        15
13016:0,3,8        14
13016:0,3,8        13
13016:0,3,8        12
13016:0,3,8        11
13016:0,3,8        10
13016:0,3,8        9
13016:0,3,8        8
13016:0,3,8        7
13016:0,3,8        6
13016:0,3,8        5
13016:0,3,8        4
13016:0,3,8        3
13016:0,3,8        2
13016:0,3,8        1
13058:0,2,8        42
13058:0,2,8        41
13058:0,2,8        40
13056:1,3,9        37
13056:1,3,9        36
13056:1,3,9        35
13056:1,3,9        34
13056:1,3,9        33
13056:1,3,9        32
13056:1,3,9        31
13056:1,3,9        30
13056:1,3,9        29
13056:1,3,9        28
13056:1,3,9        27
13056:1,3,9        26
13056:1,3,9        25
13058:0,2,8        26
13058:0,2,8        25
13058:0,2,8        24
13058:0,2,8        23
13058:0,2,8        22
13058:0,2,8        21
13058:0,2,8        20
13058:0,2,8        19
13058:0,2,8        18
13058:0,2,8        17
13058:0,2,8        16
13058:0,2,8        15
13058:0,2,8        14
13058:0,2,8        13
13058:0,2,8        12
13058:0,2,8        11
13058:0,2,8        10
13058:0,2,8        9
13058:0,2,8        8
13058:0,2,8        7
13058:0,2,8        6
13058:0,2,8        5
13058:0,2,8        4
13058:0,2,8        3
13058:0,2,8        2
13058:0,2,8        1
13066:0,1,4        8
13066:0,1,4        7
13066:0,1,4        6
13066:0,1,4        5
13066:0,1,4        4
13066:0,1,4        3
13066:0,1,4        2
13066:0,1,4        1
13084:1,2,7        18
13084:1,2,7        17
13084:1,2,7        16
13084:1,2,7        15
13084:1,2,7        14
13084:1,2,7        13
13084:1,2,7        12
13084:1,2,7        11
13084:1,2,7        10
13084:1,2,7        9
13084:1,2,7        8
13084:1,2,7        7
13084:1,2,7        6
13084:1,2,7        5
13084:1,2,7        4
13084:1,2,7        3
13084:1,2,7        2
13084:1,2,7        1
13086:5,8,9        2
13086:5,8,9        1
13087:0,3,4        1
13098:5,7,9        11
13098:5,7,9        10
13098:5,7,9        9
13098:5,7,9        8
13098:5,7,9        7
13098:5,7,9        6
13098:5,7,9        5
13098:5,7,9        4
13098:5,7,9        3
13098:5,7,9        2
13098:5,7,9        1
13113:3,6,8        15
13113:3,6,8        14
13113:3,6,8        13
13113:3,6,8        12
13113:3,6,8        11
13113:3,6,8        10
13113:3,6,8        9
13113:3,6,8        8
13113:3,6,8        7
13113:3,6,8        6
13113:3,6,8        5
13113:3,6,8        4
13113:3,6,8        3
13113:3,6,8        2
13113:3,6,8        1
