[1, 2, 4]:20
[0, 1, 9]:20
[0, 4, 6]:20
[2, 6, 7]:17
[0, 2, 7]:16
[4, 7, 9]:31
[3, 3, 8]:12
[2, 4, 5]:22
[0, 5, 6]:26
[3, 5, 6]:14
[3, 3, 9]:22
[5, 5, 6]:10
[2, 3, 6]:22
[0, 1, 8]:28
[1, 2, 3]:26
[2, 6, 6]:16
[0, 4, 7]:27
[3, 3, 7]:9
[4, 7, 8]:22
[0, 5, 7]:28
[2, 4, 4]:13
[0, 2, 6]:20
[6, 7, 7]:10
[3, 5, 5]:16
[7, 8, 9]:27
[6, 9, 9]:14
[1, 4, 9]:32
[2, 3, 7]:23
[5, 5, 5]:3
[3, 8, 8]:10
[5, 5, 9]:8
[2, 6, 9]:20
[1, 2, 2]:9
[6, 7, 8]:19
[0, 2, 5]:19
[0, 4, 4]:12
[1, 8, 9]:24
[7, 8, 8]:10
[0, 8, 8]:14
[3, 8, 9]:23
[2, 3, 8]:29
[5, 5, 8]:13
[0, 4, 5]:22
[2, 6, 8]:29
[1, 6, 9]:27
[0, 5, 5]:14
[6, 7, 9]:23
[1, 3, 9]:31
[0, 2, 4]:17
[5, 8, 9]:32
[0, 8, 9]:21
[3, 6, 6]:11
[5, 5, 7]:13
[2, 3, 9]:15
[5, 7, 9]:29
[5, 8, 8]:6
[2, 4, 9]:30
[0, 6, 8]:28
[0, 2, 3]:31
[1, 3, 8]:25
[1, 2, 8]:23
[2, 5, 7]:18
[0, 1, 5]:23
[0, 0, 8]:12
[0, 0, 9]:12
[4, 5, 9]:29
[1, 1, 3]:10
[3, 6, 7]:19
[2, 8, 9]:28
[2, 4, 8]:28
[0, 6, 9]:24
[1, 3, 7]:26
[0, 2, 2]:10
[5, 9, 9]:11
[1, 2, 7]:32
[0, 1, 4]:32
[2, 5, 6]:22
[4, 5, 8]:22
[3, 6, 8]:29
[1, 9, 9]:10
[1, 1, 4]:12
[2, 8, 8]:18
[0, 5, 8]:28
[1, 3, 6]:19
[2, 4, 7]:23
[1, 2, 6]:16
[0, 1, 7]:23
[2, 5, 9]:23
[1, 1, 1]:2
[3, 6, 9]:31
[0, 5, 9]:26
[2, 4, 6]:19
[1, 3, 5]:29
[2, 5, 8]:20
[1, 2, 5]:20
[0, 1, 6]:27
[1, 1, 2]:10
[2, 2, 2]:2
[0, 4, 9]:26
[7, 7, 7]:3
[0, 3, 8]:33
[4, 5, 5]:14
[1, 1, 8]:8
[1, 1, 9]:11
[0, 0, 5]:12
[5, 6, 8]:22
[1, 7, 9]:26
[4, 4, 6]:15
[1, 3, 4]:27
[3, 4, 7]:28
[0, 1, 1]:10
[2, 7, 7]:15
[6, 6, 7]:17
[8, 8, 9]:11
[2, 2, 3]:12
[7, 7, 8]:12
[0, 4, 8]:22
[0, 3, 9]:22
[1, 1, 7]:13
[3, 9, 9]:10
[5, 6, 7]:24
[4, 4, 7]:12
[0, 0, 4]:14
[3, 4, 8]:25
[0, 7, 7]:10
[7, 7, 9]:10
[1, 3, 3]:10
[4, 9, 9]:11
[6, 6, 6]:10
[8, 8, 8]:1
[4, 6, 8]:22
[2, 2, 4]:17
[0, 9, 9]:7
[1, 1, 6]:17
[1, 4, 4]:17
[4, 5, 7]:27
[2, 5, 5]:10
[0, 6, 6]:7
[0, 1, 3]:30
[5, 6, 6]:16
[1, 2, 9]:23
[4, 4, 4]:2
[0, 0, 7]:11
[2, 7, 9]:20
[3, 4, 9]:27
[1, 5, 9]:38
[4, 6, 9]:20
[2, 2, 5]:9
[6, 6, 9]:12
[1, 1, 5]:12
[4, 5, 6]:32
[0, 1, 2]:23
[9, 9, 9]:6
[4, 4, 5]:10
[0, 0, 6]:9
[6, 6, 8]:14
[2, 7, 8]:24
[0, 6, 7]:29
[5, 7, 8]:23
[6, 8, 8]:11
[2, 3, 3]:12
[0, 3, 4]:30
[1, 4, 6]:20
[1, 5, 8]:33
[3, 5, 9]:22
[4, 6, 6]:14
[2, 2, 6]:8
[3, 3, 4]:12
[0, 0, 1]:11
[6, 8, 9]:21
[5, 7, 7]:12
[8, 9, 9]:12
[0, 3, 5]:27
[1, 4, 5]:24
[0, 3, 3]:12
[1, 5, 7]:24
[2, 2, 7]:9
[1, 8, 8]:12
[4, 6, 7]:29
[0, 0, 0]:6
[1, 6, 6]:16
[3, 4, 4]:13
[2, 9, 9]:15
[3, 3, 3]:3
[3, 7, 9]:21
[0, 3, 6]:28
[4, 4, 9]:10
[1, 4, 8]:24
[2, 3, 5]:17
[2, 2, 8]:10
[3, 5, 7]:35
[1, 5, 6]:24
[3, 4, 5]:25
[1, 6, 7]:30
[0, 2, 9]:24
[7, 9, 9]:10
[3, 3, 6]:16
[2, 2, 9]:11
[4, 4, 8]:10
[0, 0, 3]:15
[1, 7, 7]:10
[0, 7, 8]:24
[4, 8, 9]:20
[3, 7, 8]:22
[0, 3, 7]:22
[1, 4, 7]:20
[2, 3, 4]:19
[1, 5, 5]:15
[3, 5, 8]:23
[1, 6, 8]:24
[0, 2, 8]:33
[4, 7, 7]:13
[3, 3, 5]:9
[3, 4, 6]:29
[1, 7, 8]:23
[0, 7, 9]:21
[4, 8, 8]:20
[0, 0, 2]:14
[5, 6, 9]:20
[3, 7, 7]:15
